SDUCK LEVEL 1 POSITION LOG
0     0, 0.08
0     0, 0.17
0.02     0, 0.25
0.04     0, 0.34
0.05     0, 0.42
0.07     0, 0.5
0.08     0, 0.58
0.1     0, 0.66
0.13     0, 0.75
0.16     0, 0.87
0.19     0, 0.99
0.23     0, 1.13
0.26     0, 1.27
0.29     0, 1.41
0.33     0, 1.57
0.36     0, 1.72
0.39     0, 1.88
0.43     0, 2.04
0.46     0, 2.2
0.49     0, 2.36
0.53     0, 2.52
0.56     0, 2.69
0.59     0, 2.85
0.63     0, 3.02
0.66     0, 3.18
0.69     0, 3.35
0.73     0, 3.51
0.76     0, 3.68
0.79     0, 3.84
0.83     0, 4.01
0.86     0, 4.18
0.89     0, 4.34
0.93     0, 4.51
0.96     0, 4.67
0.99     0, 4.84
1.03     0, 5.01
1.06     0, 5.17
1.09     0, 5.34
1.13     0.01, 5.51
1.16     0.02, 5.67
1.19     0.03, 5.84
1.23     0.06, 6
1.26     0.1, 6.17
1.29     0.15, 6.33
1.33     0.21, 6.48
1.36     0.28, 6.63
1.39     0.37, 6.77
1.43     0.48, 6.9
1.46     0.6, 7.02
1.49     0.73, 7.12
1.53     0.87, 7.21
1.56     1.01, 7.29
1.64     1.22, 7.37
1.66     1.41, 7.39
1.7     1.59, 7.39
1.73     1.78, 7.38
1.76     1.95, 7.35
1.79     2.12, 7.31
1.83     2.29, 7.24
1.86     2.44, 7.16
1.9     2.59, 7.07
1.93     2.72, 6.96
1.96     2.84, 6.84
2     2.95, 6.71
2.03     3.05, 6.57
2.06     3.14, 6.43
2.1     3.22, 6.29
2.13     3.3, 6.14
2.16     3.37, 5.99
2.2     3.44, 5.83
2.23     3.51, 5.68
2.26     3.57, 5.53
2.3     3.64, 5.37
2.33     3.7, 5.22
2.36     3.77, 5.06
2.4     3.82, 4.91
2.43     3.87, 4.75
2.46     3.92, 4.59
2.5     3.95, 4.42
2.53     3.97, 4.26
2.56     3.97, 4.09
2.6     3.96, 3.92
2.63     3.94, 3.76
2.66     3.89, 3.6
2.7     3.84, 3.44
2.73     3.77, 3.29
2.76     3.69, 3.14
2.8     3.61, 3
2.83     3.52, 2.86
2.86     3.42, 2.72
2.9     3.33, 2.59
2.93     3.23, 2.45
2.96     3.13, 2.32
3     3.03, 2.18
3.03     2.93, 2.05
3.06     2.83, 1.91
3.1     2.73, 1.78
3.13     2.63, 1.65
3.16     2.53, 1.51
3.2     2.43, 1.38
3.23     2.34, 1.24
3.26     2.24, 1.11
3.3     2.14, 0.98
3.33     2.04, 0.84
3.36     1.94, 0.71
3.4     1.84, 0.57
3.43     1.74, 0.44
3.46     1.64, 0.31
3.5     1.54, 0.17
3.53     1.44, 0.04
3.56     1.35, -0.1
3.6     1.25, -0.23
3.63     1.15, -0.37
3.66     1.05, -0.5
3.7     0.95, -0.63
3.73     0.85, -0.77
3.76     0.75, -0.9
3.8     0.65, -1.04
3.83     0.55, -1.17
3.86     0.46, -1.3
3.9     0.36, -1.42
3.93     0.32, -1.48
3.96     0.22, -1.61
4     0.12, -1.75
4.03     0.03, -1.88
4.06     -0.07, -2.02
4.1     -0.17, -2.15
4.13     -0.27, -2.29
4.16     -0.37, -2.42
4.2     -0.47, -2.55
4.23     -0.57, -2.69
4.26     -0.67, -2.82
4.3     -0.77, -2.96
4.33     -0.86, -3.09
4.36     -0.96, -3.22
4.4     -1.06, -3.36
4.43     -1.16, -3.49
4.46     -1.26, -3.63
4.5     -1.36, -3.76
4.53     -1.46, -3.89
4.56     -1.56, -4.03
4.6     -1.65, -4.17
4.63     -1.74, -4.31
4.66     -1.83, -4.45
4.7     -1.9, -4.6
4.73     -1.97, -4.75
4.76     -2.03, -4.91
4.8     -2.07, -5.07
4.83     -2.1, -5.23
4.86     -2.11, -5.4
4.9     -2.11, -5.57
4.93     -2.11, -5.73
4.96     -2.11, -5.9
5     -2.12, -6.07
5.03     -2.13, -6.23
5.06     -2.15, -6.4
5.1     -2.18, -6.56
5.13     -2.22, -6.72
5.16     -2.27, -6.88
5.2     -2.33, -7.04
5.23     -2.41, -7.19
5.26     -2.5, -7.32
5.3     -2.6, -7.45
5.33     -2.72, -7.57
5.36     -2.85, -7.67
5.4     -2.99, -7.76
5.43     -3.14, -7.84
5.46     -3.3, -7.9
5.5     -3.46, -7.94
5.53     -3.62, -7.96
5.56     -3.79, -7.97
5.6     -3.96, -7.96
5.63     -4.12, -7.93
5.66     -4.28, -7.89
5.7     -4.44, -7.83
5.73     -4.59, -7.75
5.76     -4.72, -7.66
5.8     -4.85, -7.55
5.83     -4.97, -7.43
5.86     -5.07, -7.3
5.9     -5.16, -7.16
5.93     -5.24, -7.01
5.96     -5.3, -6.86
6     -5.34, -6.7
6.03     -5.36, -6.53
6.06     -5.37, -6.37
6.1     -5.36, -6.2
6.13     -5.33, -6.04
6.16     -5.29, -5.87
6.2     -5.23, -5.72
6.23     -5.16, -5.57
6.26     -5.07, -5.42
6.3     -4.98, -5.28
6.33     -4.88, -5.15
6.36     -4.78, -5.02
6.4     -4.67, -4.89
6.43     -4.56, -4.77
6.46     -4.45, -4.65
6.5     -4.34, -4.52
6.53     -4.22, -4.4
6.56     -4.11, -4.28
6.6     -4, -4.15
6.63     -3.89, -4.03
6.66     -3.77, -3.91
6.7     -3.66, -3.78
6.73     -3.55, -3.66
6.76     -3.44, -3.54
6.8     -3.32, -3.41
6.83     -3.21, -3.29
6.86     -3.1, -3.17
6.9     -2.99, -3.05
6.93     -2.87, -2.92
6.96     -2.76, -2.8
7     -2.65, -2.68
7.03     -2.54, -2.55
7.06     -2.43, -2.43
7.1     -2.31, -2.31
7.13     -2.2, -2.18
7.16     -2.09, -2.06
7.2     -1.98, -1.94
7.23     -1.86, -1.81
7.26     -1.75, -1.69
7.3     -1.64, -1.57
7.33     -1.53, -1.44
7.36     -1.41, -1.32
7.4     -1.3, -1.2
7.43     -1.19, -1.07
7.46     -1.08, -0.95
7.5     -0.97, -0.82
7.53     -0.87, -0.69
7.56     -0.77, -0.56
7.6     -0.68, -0.42
7.63     -0.59, -0.28
7.66     -0.52, -0.13
7.7     -0.46, 0.03
7.73     -0.4, 0.19
7.76     -0.36, 0.35
7.8     -0.31, 0.51
7.83     -0.28, 0.67
7.86     -0.24, 0.83
7.9     -0.2, 0.99
7.93     -0.16, 1.16
7.96     -0.13, 1.32
8     -0.09, 1.48
8.03     -0.05, 1.64
8.06     -0.01, 1.81
8.1     0.02, 1.97
8.13     0.06, 2.13
8.16     0.1, 2.29
8.2     0.14, 2.46
8.23     0.17, 2.59
8.26     0.21, 2.76
8.3     0.25, 2.92
8.33     0.29, 3.08
8.36     0.34, 3.24
8.4     0.39, 3.4
8.43     0.45, 3.55
8.46     0.52, 3.7
8.5     0.61, 3.85
8.53     0.7, 3.98
8.56     0.81, 4.11
8.6     0.93, 4.23
8.63     1.06, 4.33
8.66     1.2, 4.42
8.7     1.35, 4.49
8.73     1.51, 4.55
8.76     1.67, 4.59
8.8     1.83, 4.61
8.83     2, 4.62
8.86     2.17, 4.61
8.9     2.33, 4.58
8.93     2.49, 4.53
8.96     2.65, 4.47
9     2.79, 4.39
9.03     2.93, 4.3
9.06     3.06, 4.19
9.1     3.18, 4.07
9.13     3.28, 3.94
9.16     3.37, 3.8
9.2     3.45, 3.66
9.23     3.53, 3.51
9.26     3.59, 3.35
9.3     3.65, 3.2
9.33     3.71, 3.04
9.36     3.76, 2.88
9.4     3.8, 2.72
9.43     3.85, 2.56
9.46     3.9, 2.4
9.5     3.95, 2.24
9.53     4, 2.08
9.56     4.05, 1.92
9.6     4.09, 1.76
9.63     4.13, 1.6
9.66     4.16, 1.44
9.7     4.18, 1.27
9.73     4.2, 1.11
9.76     4.2, 0.94
9.8     4.19, 0.77
9.83     4.16, 0.61
9.86     4.11, 0.45
9.9     4.05, 0.29
9.93     3.98, 0.15
9.96     3.89, 0
10     3.8, -0.14
10.03     3.7, -0.27
10.06     3.59, -0.4
10.1     3.48, -0.52
10.13     3.37, -0.65
10.16     3.26, -0.77
10.2     3.14, -0.89
10.23     3.03, -1.01
10.26     2.92, -1.14
10.3     2.8, -1.26
10.33     2.69, -1.38
10.36     2.58, -1.5
10.4     2.46, -1.62
10.43     2.35, -1.74
10.46     2.23, -1.87
10.5     2.12, -1.99
10.53     2.01, -2.11
10.56     1.89, -2.23
10.6     1.78, -2.35
10.63     1.67, -2.48
10.66     1.55, -2.6
10.7     1.44, -2.72
10.73     1.34, -2.85
10.76     1.24, -2.99
10.8     1.15, -3.12
10.83     1.06, -3.27
10.86     0.99, -3.42
10.9     0.92, -3.57
10.93     0.87, -3.73
10.96     0.82, -3.89
11     0.77, -4.05
11.03     0.73, -4.21
11.06     0.69, -4.37
11.1     0.65, -4.53
11.13     0.62, -4.7
11.16     0.58, -4.86
11.2     0.54, -5.02
11.23     0.5, -5.18
11.26     0.46, -5.34
11.3     0.42, -5.51
11.33     0.39, -5.67
11.36     0.36, -5.83
11.4     0.34, -6
11.43     0.32, -6.17
11.46     0.32, -6.33
11.5     0.33, -6.5
11.53     0.34, -6.66
11.56     0.26, -6.82
11.6     0.28, -6.99
11.63     0.31, -7.15
11.66     0.33, -7.32
11.7     0.35, -7.48
11.73     0.38, -7.65
11.76     0.4, -7.81
11.8     0.42, -7.97
11.83     0.45, -8.14
11.86     0.49, -8.3
11.9     0.53, -8.46
11.93     0.58, -8.62
11.96     0.63, -8.78
12     0.7, -8.93
12.03     0.79, -9.08
12.06     0.88, -9.21
12.1     0.99, -9.34
12.13     1.11, -9.45
12.16     1.25, -9.55
12.2     1.39, -9.64
12.23     1.54, -9.71
12.26     1.7, -9.76
12.3     1.86, -9.8
12.33     2.03, -9.82
12.36     2.19, -9.82
12.4     2.36, -9.81
12.43     2.52, -9.78
12.46     2.68, -9.73
12.5     2.84, -9.66
12.53     2.98, -9.58
12.56     3.12, -9.48
12.6     3.24, -9.38
12.63     3.36, -9.25
12.66     3.46, -9.12
12.7     3.54, -8.98
12.73     3.61, -8.83
12.76     3.67, -8.67
12.8     3.71, -8.51
12.83     3.73, -8.34
12.86     3.73, -8.17
12.9     3.72, -8.01
12.93     3.69, -7.84
12.96     3.65, -7.68
13     3.6, -7.52
13.03     3.54, -7.37
13.06     3.48, -7.21
13.1     3.41, -7.06
13.13     3.34, -6.91
13.16     3.27, -6.76
13.2     3.19, -6.61
13.23     3.12, -6.46
13.26     3.05, -6.31
13.3     2.97, -6.16
13.33     2.9, -6.01
13.36     2.83, -5.86
13.4     2.76, -5.71
13.43     2.68, -5.56
13.46     2.61, -5.41
13.5     2.54, -5.26
13.53     2.46, -5.11
13.56     2.39, -4.96
13.6     2.32, -4.81
13.63     2.24, -4.66
13.66     2.18, -4.51
13.7     2.11, -4.36
13.73     2.06, -4.2
13.76     2.01, -4.04
13.8     1.97, -3.88
13.83     1.94, -3.71
13.86     1.93, -3.55
13.9     1.93, -3.38
13.93     1.95, -3.21
13.96     1.99, -3.05
14     2.04, -2.89
14.03     2.11, -2.74
14.06     2.18, -2.59
14.1     2.27, -2.45
14.13     2.36, -2.31
14.16     2.46, -2.18
14.2     2.57, -2.05
14.23     2.67, -1.92
14.26     2.78, -1.79
14.3     2.88, -1.66
14.33     2.99, -1.53
14.36     3.1, -1.41
14.4     3.21, -1.28
14.43     3.31, -1.15
14.46     3.42, -1.02
14.5     3.53, -0.9
14.53     3.63, -0.77
14.56     3.74, -0.64
14.6     3.85, -0.51
14.63     3.95, -0.38
14.66     4.05, -0.25
14.7     4.14, -0.11
14.73     4.23, 0.03
14.76     4.3, 0.18
14.8     4.37, 0.34
14.83     4.42, 0.49
14.86     4.46, 0.66
14.9     4.48, 0.82
14.93     4.5, 0.99
14.96     4.5, 1.15
15     4.49, 1.32
15.03     4.47, 1.49
15.06     4.46, 1.65
15.1     4.43, 1.82
15.13     4.41, 1.98
15.16     4.38, 2.15
15.2     4.36, 2.31
15.23     4.33, 2.48
15.26     4.31, 2.64
15.3     4.28, 2.81
15.33     4.26, 2.97
15.36     4.23, 3.13
15.4     4.21, 3.3
15.43     4.18, 3.46
15.46     4.16, 3.63
15.5     4.13, 3.79
15.53     4.11, 3.96
15.56     4.09, 4.19
15.6     4.06, 4.35
15.63     4.04, 4.52
15.66     4.01, 4.68
15.7     3.99, 4.84
15.73     3.96, 5.01
15.76     3.94, 5.17
15.8     3.91, 5.34
15.83     3.89, 5.5
15.86     3.86, 5.67
15.9     3.84, 5.83
15.93     3.81, 6
15.96     3.79, 6.16
16     3.76, 6.33
16.03     3.74, 6.49
16.06     3.71, 6.66
16.1     3.68, 6.82
16.13     3.65, 6.99
16.16     3.62, 7.15
16.2     3.58, 7.31
16.23     3.53, 7.47
16.26     3.47, 7.62
16.3     3.4, 7.77
16.33     3.31, 7.92
16.36     3.21, 8.05
16.4     3.1, 8.18
16.43     2.98, 8.29
16.46     2.85, 8.39
16.5     2.7, 8.47
16.53     2.55, 8.54
16.56     2.39, 8.6
16.6     2.23, 8.63
16.63     2.06, 8.65
16.66     1.9, 8.65
16.7     1.73, 8.63
16.73     1.57, 8.6
16.76     1.41, 8.55
16.8     1.26, 8.48
16.83     1.11, 8.4
16.86     0.98, 8.3
16.9     0.85, 8.19
16.93     0.74, 8.07
16.96     0.64, 7.94
17     0.56, 7.79
17.03     0.49, 7.64
17.06     0.43, 7.48
17.1     0.4, 7.32
17.13     0.38, 7.15
17.16     0.37, 6.99
17.2     0.38, 6.82
17.23     0.39, 6.66
17.26     0.42, 6.49
17.3     0.45, 6.33
17.33     0.49, 6.16
17.36     0.53, 6
17.4     0.57, 5.84
17.43     0.61, 5.68
17.46     0.65, 5.52
17.5     0.7, 5.36
17.53     0.74, 5.2
17.56     0.78, 5.03
17.59     0.82, 4.87
17.63     0.86, 4.71
17.66     0.91, 4.55
17.7     0.95, 4.39
17.73     0.99, 4.23
17.76     1.03, 4.07
17.8     1.07, 3.91
17.83     1.12, 3.74
17.86     1.16, 3.58
17.9     1.19, 3.42
17.93     1.23, 3.26
17.96     1.25, 3.09
18     1.27, 2.93
18.03     1.27, 2.76
18.06     1.27, 2.59
18.1     1.25, 2.43
18.13     1.21, 2.27
18.16     1.16, 2.11
18.2     1.09, 1.96
18.23     1.01, 1.81
18.26     0.91, 1.68
18.3     0.8, 1.55
18.33     0.68, 1.44
18.36     0.55, 1.33
18.4     0.41, 1.24
18.43     0.27, 1.15
18.46     0.13, 1.06
18.5     -0.02, 0.98
18.53     -0.17, 0.91
18.56     -0.32, 0.83
18.6     -0.47, 0.76
18.63     -0.62, 0.68
18.66     -0.76, 0.61
18.7     -0.91, 0.53
18.73     -1.06, 0.46
18.76     -1.21, 0.38
18.8     -1.36, 0.31
18.83     -1.51, 0.23
18.86     -1.66, 0.16
18.9     -1.81, 0.08
18.93     -1.96, 0.01
18.96     -2.11, -0.07
19     -2.25, -0.14
19.03     -2.4, -0.21
19.06     -2.55, -0.29
19.1     -2.7, -0.36
19.13     -2.85, -0.44
19.16     -3, -0.52
19.2     -3.14, -0.6
19.23     -3.28, -0.69
19.26     -3.42, -0.79
19.3     -3.54, -0.9
19.33     -3.67, -1.01
19.36     -3.78, -1.13
19.4     -3.88, -1.27
19.43     -3.96, -1.41
19.46     -4.03, -1.56
19.5     -4.08, -1.72
19.53     -4.12, -1.89
19.56     -4.14, -2.05
19.6     -4.14, -2.22
19.63     -4.12, -2.38
19.66     -4.09, -2.55
19.7     -4.04, -2.71
19.73     -3.97, -2.86
19.76     -3.89, -3
19.8     -3.79, -3.14
19.83     -3.68, -3.26
19.86     -3.56, -3.38
19.9     -3.42, -3.47
19.93     -3.28, -3.56
19.96     -3.13, -3.63
20     -2.97, -3.68
20.03     -2.81, -3.72
20.06     -2.64, -3.75
20.1     -2.48, -3.77
20.13     -2.31, -3.78
20.16     -2.14, -3.78
20.2     -1.98, -3.78
20.23     -1.81, -3.77
20.26     -1.64, -3.77
20.3     -1.48, -3.76
20.33     -1.31, -3.75
20.36     -1.14, -3.74
20.4     -0.98, -3.74
20.43     -0.81, -3.73
20.46     -0.64, -3.74
20.5     -0.48, -3.75
20.53     -0.31, -3.77
20.56     -0.15, -3.79
20.6     0.01, -3.83
20.63     0.17, -3.89
20.66     0.32, -3.96
20.7     0.47, -4.04
20.73     0.6, -4.14
20.76     0.72, -4.25
20.8     0.83, -4.38
20.83     0.93, -4.51
20.86     1.01, -4.66
20.9     1.08, -4.81
20.93     1.13, -4.97
20.96     1.17, -5.13
21     1.19, -5.3
21.03     1.2, -5.46
21.06     1.2, -5.63
21.1     1.19, -5.8
21.13     1.17, -5.96
21.16     1.15, -6.13
21.2     1.12, -6.29
21.23     1.1, -6.46
21.26     1.07, -6.62
21.3     1.04, -6.79
21.33     1.02, -6.95
21.36     0.99, -7.11
21.4     0.96, -7.28
21.43     0.94, -7.44
21.46     0.91, -7.61
21.5     0.88, -7.77
21.53     0.85, -7.94
21.56     0.83, -8.1
21.6     0.8, -8.27
21.63     0.77, -8.43
21.66     0.73, -8.59
21.7     0.69, -8.75
21.73     0.63, -8.91
21.76     0.57, -9.06
21.8     0.5, -9.21
21.83     0.41, -9.36
21.86     0.31, -9.49
21.9     0.2, -9.61
21.93     0.08, -9.73
21.96     -0.06, -9.82
22     -0.2, -9.91
22.03     -0.36, -9.97
22.06     -0.52, -10.02
22.1     -0.68, -10.06
22.13     -0.84, -10.07
22.16     -1.01, -10.07
22.2     -1.18, -10.05
22.23     -1.34, -10.02
22.26     -1.5, -9.97
22.3     -1.65, -9.9
22.33     -1.79, -9.81
22.36     -1.93, -9.71
22.4     -2.05, -9.6
22.43     -2.16, -9.48
22.46     -2.26, -9.34
22.5     -2.35, -9.2
22.53     -2.42, -9.05
22.56     -2.49, -8.9
22.6     -2.55, -8.74
22.63     -2.6, -8.59
22.66     -2.65, -8.43
22.7     -2.69, -8.27
22.73     -2.74, -8.1
22.76     -2.78, -7.94
22.8     -2.82, -7.78
22.83     -2.86, -7.62
22.86     -2.9, -7.46
22.9     -2.95, -7.3
22.93     -2.99, -7.14
22.96     -3.03, -6.98
23     -3.07, -6.81
23.03     -3.12, -6.65
23.06     -3.16, -6.49
23.1     -3.2, -6.33
23.13     -3.25, -6.17
23.16     -3.3, -6.01
23.2     -3.36, -5.86
23.23     -3.43, -5.7
23.26     -3.5, -5.56
23.3     -3.59, -5.41
23.33     -3.68, -5.27
23.36     -3.77, -5.14
23.4     -3.87, -5
23.43     -3.97, -4.87
23.46     -4.07, -4.73
23.5     -4.17, -4.6
23.53     -4.26, -4.46
23.56     -4.36, -4.33
23.6     -4.46, -4.19
23.63     -4.56, -4.06
23.66     -4.66, -3.93
23.7     -4.76, -3.79
23.73     -4.75, -3.81
23.76     -4.75, -3.81
23.8     -4.75, -3.81
23.83     -4.75, -3.81
23.86     -4.75, -3.81
23.9     -4.75, -3.81
23.93     -4.75, -3.81
23.96     -4.75, -3.81
24     -4.75, -3.81
24.03     -4.75, -3.81
24.06     -4.75, -3.81
24.1     -4.75, -3.81
24.13     -4.75, -3.81
24.16     -4.75, -3.81
24.2     -4.75, -3.81
24.23     -4.75, -3.81
24.26     -4.75, -3.81
24.3     -4.75, -3.81
24.33     -4.75, -3.81
24.36     -4.75, -3.81
24.4     -4.75, -3.81
24.43     -4.75, -3.81
24.46     -4.75, -3.81
24.5     -4.75, -3.81
24.53     -4.75, -3.81
24.56     -4.75, -3.81
24.6     -4.75, -3.81
24.63     -4.75, -3.81
24.66     -4.75, -3.81
24.7     -4.75, -3.81
24.73     -4.75, -3.81
24.76     -4.75, -3.81
24.8     -4.75, -3.81
24.83     -4.75, -3.81
24.86     -4.75, -3.81
24.9     -4.75, -3.81
24.93     -4.75, -3.81
24.96     -4.75, -3.81
25     -4.75, -3.81
25.03     -4.75, -3.81
25.06     -4.75, -3.81
25.1     -4.75, -3.81
25.13     -4.75, -3.81
25.16     -4.75, -3.81
25.2     -4.75, -3.81
25.23     -4.75, -3.81
25.26     -4.75, -3.81
25.3     -4.75, -3.81
25.33     -4.75, -3.81
25.36     -4.75, -3.81
25.39     -4.75, -3.81
25.43     -4.75, -3.81
25.46     -4.75, -3.81
25.5     -4.75, -3.81
25.53     -4.75, -3.81
25.56     -4.75, -3.81
25.6     -4.75, -3.81
25.63     -4.75, -3.81
25.66     -4.75, -3.81
25.7     -4.75, -3.81
25.73     -4.75, -3.81
25.76     -4.75, -3.81
25.8     -4.75, -3.81
25.83     -4.75, -3.81
25.86     -4.75, -3.81
25.9     -4.75, -3.81
25.93     -4.75, -3.81
25.96     -4.75, -3.81
26     -4.75, -3.81
26.03     -4.75, -3.81
26.06     -4.75, -3.81
26.1     -4.75, -3.81
26.13     -4.75, -3.81
26.16     -4.75, -3.81
26.2     -4.75, -3.81
26.23     -4.75, -3.81
26.26     -4.75, -3.81
26.3     -4.75, -3.81
26.33     -4.75, -3.81
26.36     -4.75, -3.81
26.4     -4.75, -3.81
26.43     -4.75, -3.81
26.46     -4.75, -3.81
26.5     -4.75, -3.81
26.53     -4.75, -3.81
26.56     -4.75, -3.81
26.6     -4.75, -3.81
26.63     -4.75, -3.81
26.66     -4.75, -3.81
26.7     -4.75, -3.81
26.73     -4.75, -3.81
26.76     -4.75, -3.81
0     0, 0.08
0     0, 0.17
0.02     0, 0.25
0.04     0, 0.34
0.05     0, 0.42
0.07     0, 0.5
0.1     0, 0.6
0.13     0, 0.72
0.16     0, 0.85
0.2     0, 0.99
0.23     0, 1.14
0.26     0, 1.29
0.3     0, 1.45
0.33     0, 1.6
0.36     0, 1.76
0.4     0, 1.92
0.43     0, 2.09
0.46     0, 2.25
0.5     0, 2.41
0.53     0, 2.58
0.56     0, 2.74
0.6     0, 2.91
0.63     0, 3.07
0.66     0, 3.24
0.68     0, 3.39
0.71     0, 3.55
0.75     0, 3.7
0.78     -0.01, 3.86
0.81     -0.02, 4.02
0.85     -0.04, 4.17
0.88     -0.07, 4.33
0.91     -0.11, 4.49
0.95     -0.17, 4.65
0.98     -0.23, 4.8
1.01     -0.32, 4.94
1.05     -0.41, 5.07
1.08     -0.52, 5.19
1.11     -0.65, 5.31
1.15     -0.78, 5.4
1.18     -0.92, 5.49
1.21     -1.07, 5.56
1.25     -1.23, 5.61
1.28     -1.39, 5.64
1.31     -1.56, 5.66
1.35     -1.73, 5.66
1.38     -1.89, 5.65
1.41     -2.06, 5.63
1.45     -2.22, 5.59
1.48     -2.38, 5.55
1.51     -2.54, 5.5
1.55     -2.7, 5.45
1.58     -2.85, 5.39
1.61     -3.01, 5.33
1.65     -3.17, 5.27
1.68     -3.32, 5.21
1.71     -3.48, 5.15
1.75     -3.63, 5.09
1.78     -3.79, 5.03
1.81     -3.95, 4.98
1.85     -4.1, 4.92
1.88     -4.26, 4.86
1.91     -4.41, 4.8
1.95     -4.57, 4.74
1.98     -4.72, 4.68
2.01     -4.88, 4.62
2.05     -5.04, 4.57
2.08     -5.2, 4.52
2.11     -5.36, 4.48
2.15     -5.52, 4.44
2.18     -5.69, 4.42
2.21     -5.85, 4.41
2.25     -6.02, 4.41
2.28     -6.19, 4.43
2.31     -6.35, 4.46
2.35     -6.51, 4.51
2.38     -6.66, 4.58
2.41     -6.8, 4.67
2.45     -6.94, 4.76
2.48     -7.06, 4.88
2.51     -7.17, 5
2.55     -7.27, 5.14
2.58     -7.35, 5.28
2.61     -7.42, 5.43
2.65     -7.47, 5.59
2.68     -7.5, 5.76
2.71     -7.52, 5.92
2.75     -7.52, 6.09
2.78     -7.5, 6.25
2.81     -7.47, 6.42
2.85     -7.41, 6.57
2.88     -7.35, 6.73
2.91     -7.27, 6.87
2.95     -7.18, 7.01
2.98     -7.08, 7.15
3.01     -6.98, 7.28
3.05     -6.86, 7.4
3.08     -6.75, 7.52
3.11     -6.63, 7.64
3.15     -6.51, 7.76
3.18     -6.4, 7.88
3.21     -6.28, 7.99
3.25     -6.16, 8.11
3.28     -6.04, 8.23
3.31     -5.92, 8.35
3.35     -5.81, 8.46
3.38     -5.69, 8.58
3.41     -5.57, 8.7
3.45     -5.45, 8.81
3.48     -5.32, 8.92
3.51     -5.19, 9.03
3.55     -5.06, 9.12
3.58     -4.91, 9.21
3.61     -4.77, 9.29
3.65     -4.61, 9.36
3.68     -4.46, 9.41
3.71     -4.29, 9.44
3.75     -4.13, 9.46
3.78     -3.96, 9.46
3.81     -3.79, 9.44
3.85     -3.63, 9.4
3.88     -3.47, 9.35
3.91     -3.32, 9.28
3.95     -3.18, 9.2
3.98     -3.04, 9.11
4.01     -2.91, 9
4.05     -2.78, 8.89
4.08     -2.67, 8.77
4.11     -2.55, 8.65
4.15     -2.45, 8.52
4.18     -2.34, 8.39
4.21     -2.24, 8.26
4.25     -2.14, 8.13
4.28     -2.05, 7.98
4.31     -1.97, 7.84
4.35     -1.91, 7.69
4.38     -1.85, 7.53
4.41     -1.81, 7.37
4.45     -1.78, 7.2
4.48     -1.78, 7.04
4.51     -1.79, 6.87
4.55     -1.82, 6.71
4.58     -1.86, 6.55
4.61     -1.93, 6.39
4.65     -2, 6.24
4.68     -2.1, 6.11
4.71     -2.2, 5.98
4.75     -2.32, 5.86
4.78     -2.45, 5.76
4.81     -2.59, 5.67
4.85     -2.74, 5.6
4.88     -2.9, 5.54
4.91     -3.06, 5.5
4.95     -3.23, 5.47
4.98     -3.39, 5.47
5.01     -3.56, 5.48
5.05     -3.72, 5.5
5.08     -3.89, 5.53
5.11     -4.05, 5.58
5.15     -4.21, 5.63
5.18     -4.36, 5.69
5.21     -4.51, 5.76
5.25     -4.67, 5.83
5.28     -4.82, 5.9
5.31     -4.97, 5.97
5.35     -5.11, 6.05
5.38     -5.26, 6.13
5.41     -5.4, 6.22
5.45     -5.53, 6.32
5.48     -5.66, 6.43
5.51     -5.77, 6.55
5.55     -5.88, 6.68
5.58     -5.97, 6.82
5.61     -6.04, 6.97
5.65     -6.1, 7.13
5.68     -6.15, 7.29
5.71     -6.17, 7.45
5.75     -6.18, 7.62
5.78     -6.18, 7.79
5.81     -6.16, 7.95
5.85     -6.13, 8.12
5.88     -6.1, 8.28
5.91     -6.06, 8.44
5.95     -6.01, 8.6
5.98     -5.96, 8.76
6.01     -5.91, 8.92
6.05     -5.85, 9.07
6.08     -5.8, 9.23
6.11     -5.75, 9.39
6.15     -5.7, 9.55
6.18     -5.65, 9.71
6.21     -5.59, 9.87
6.25     -5.54, 10.02
6.28     -5.49, 10.18
6.31     -5.43, 10.34
6.35     -5.37, 10.49
6.38     -5.3, 10.65
6.41     -5.22, 10.79
6.45     -5.14, 10.94
6.48     -5.04, 11.07
6.51     -4.94, 11.2
6.55     -4.82, 11.32
6.58     -4.69, 11.42
6.61     -4.55, 11.51
6.65     -4.4, 11.59
6.68     -4.24, 11.65
6.71     -4.08, 11.7
6.75     -3.92, 11.73
6.78     -3.76, 11.74
6.81     -3.59, 11.74
6.85     -3.42, 11.72
6.88     -3.26, 11.69
6.91     -3.1, 11.63
6.95     -2.95, 11.57
6.98     -2.8, 11.49
7.01     -2.66, 11.41
7.05     -2.52, 11.31
7.08     -2.38, 11.21
7.11     -2.25, 11.11
7.15     -2.12, 11.01
7.18     -2, 10.9
7.21     -1.87, 10.79
7.25     -1.74, 10.69
7.28     -1.62, 10.57
7.31     -1.5, 10.46
7.35     -1.38, 10.34
7.38     -1.27, 10.22
7.41     -1.17, 10.08
7.45     -1.07, 9.95
7.48     -0.98, 9.8
7.51     -0.9, 9.66
7.55     -0.82, 9.52
7.58     -0.74, 9.37
7.61     -0.66, 9.22
7.65     -0.58, 9.08
7.68     -0.5, 8.93
7.71     -0.43, 8.78
7.75     -0.36, 8.63
7.78     -0.29, 8.48
7.81     -0.24, 8.32
7.85     -0.19, 8.16
7.88     -0.16, 8
7.91     -0.14, 7.83
7.95     -0.13, 7.66
7.98     -0.14, 7.5
8.01     -0.17, 7.33
8.05     -0.22, 7.17
8.08     -0.28, 7.02
8.11     -0.36, 6.87
8.15     -0.46, 6.73
8.18     -0.57, 6.61
8.21     -0.69, 6.49
8.25     -0.82, 6.39
8.28     -0.96, 6.3
8.31     -1.11, 6.23
8.35     -1.27, 6.18
8.38     -1.43, 6.14
8.41     -1.6, 6.11
8.45     -1.76, 6.11
8.48     -1.93, 6.12
8.51     -2.09, 6.15
8.55     -2.26, 6.18
8.58     -2.42, 6.23
8.61     -2.57, 6.29
8.65     -2.73, 6.35
8.68     -2.88, 6.41
8.71     -3.03, 6.48
8.75     -3.18, 6.56
8.78     -3.33, 6.63
8.81     -3.48, 6.7
8.85     -3.63, 6.77
8.88     -3.78, 6.84
8.91     -3.93, 6.91
8.95     -4.09, 6.98
8.98     -4.24, 7.06
9.01     -4.39, 7.13
9.05     -4.54, 7.2
9.08     -4.69, 7.27
9.11     -4.84, 7.34
9.14     -4.99, 7.41
9.18     -5.14, 7.48
9.21     -5.29, 7.56
9.25     -5.44, 7.63
9.28     -5.59, 7.7
9.31     -5.74, 7.77
9.35     -5.89, 7.84
9.38     -6.04, 7.91
9.41     -6.19, 7.98
9.45     -6.34, 8.06
9.48     -6.49, 8.13
9.51     -6.64, 8.2
9.55     -6.79, 8.27
9.58     -6.94, 8.34
9.61     -7.1, 8.41
9.64     -7.25, 8.49
9.68     -7.4, 8.56
9.71     -7.55, 8.63
9.75     -7.7, 8.7
9.78     -7.85, 8.77
9.81     -8, 8.84
9.85     -8.15, 8.91
9.88     -8.3, 8.99
9.91     -8.45, 9.06
9.95     -8.6, 9.13
9.98     -8.75, 9.2
10.01     -8.9, 9.27
10.04     -9.05, 9.34
10.08     -9.2, 9.41
10.11     -9.35, 9.49
10.14     -9.5, 9.56
10.18     -9.65, 9.63
10.21     -9.8, 9.7
10.25     -9.95, 9.77
10.28     -10.11, 9.84
10.31     -10.26, 9.91
10.35     -10.41, 9.99
10.38     -10.56, 10.06
10.41     -10.71, 10.13
10.45     -10.86, 10.2
10.48     -11.01, 10.27
10.51     -11.16, 10.34
10.54     -11.31, 10.41
10.58     -11.46, 10.49
10.61     -11.61, 10.56
10.64     -11.76, 10.63
10.68     -11.91, 10.7
10.71     -12.06, 10.77
10.75     -12.21, 10.84
10.78     -12.36, 10.92
10.81     -12.51, 10.99
10.85     -12.67, 11.06
10.88     -12.82, 11.13
10.91     -12.97, 11.2
10.95     -13.12, 11.27
10.98     -13.27, 11.34
11.01     -13.42, 11.42
11.05     -13.57, 11.49
11.08     -13.72, 11.56
11.11     -13.87, 11.63
11.15     -14.02, 11.7
11.18     -14.17, 11.77
11.21     -14.32, 11.85
11.25     -14.47, 11.92
11.28     -14.62, 11.99
11.31     -14.77, 12.06
11.35     -14.92, 12.13
11.38     -15.07, 12.2
11.41     -15.23, 12.27
11.45     -15.38, 12.35
11.48     -15.38, 12.35
11.51     -15.38, 12.35
11.55     -15.38, 12.35
11.58     -15.38, 12.35
11.61     -15.38, 12.35
11.65     -15.38, 12.35
11.68     -15.38, 12.35
11.71     -15.38, 12.35
11.75     -15.38, 12.35
11.78     -15.38, 12.35
11.81     -15.38, 12.35
11.85     -15.38, 12.35
11.88     -15.38, 12.35
11.91     -15.38, 12.35
11.95     -15.38, 12.35
11.98     -15.38, 12.35
12.01     -15.38, 12.35
12.05     -15.38, 12.35
12.08     -15.38, 12.35
12.11     -15.38, 12.35
12.15     -15.38, 12.35
12.18     -15.38, 12.35
12.21     -15.38, 12.35
12.25     -15.38, 12.35
12.28     -15.38, 12.35
12.31     -15.38, 12.35
12.34     -15.38, 12.35
12.38     -15.38, 12.35
12.41     -15.38, 12.35
12.45     -15.38, 12.35
12.48     -15.38, 12.35
12.51     -15.38, 12.35
12.55     -15.38, 12.35
12.58     -15.38, 12.35
12.61     -15.38, 12.35
12.65     -15.38, 12.35
12.68     -15.38, 12.35
12.71     -15.38, 12.35
12.75     -15.38, 12.35
12.78     -15.38, 12.35
12.81     -15.38, 12.35
12.85     -15.38, 12.35
12.88     -15.38, 12.35
12.91     -15.38, 12.35
12.95     -15.38, 12.35
12.98     -15.38, 12.35
13.01     -15.38, 12.35
13.05     -15.38, 12.35
13.08     -15.38, 12.35
13.11     -15.38, 12.35
13.15     -15.38, 12.35
13.18     -15.38, 12.35
13.21     -15.38, 12.35
13.25     -15.38, 12.35
13.28     -15.38, 12.35
13.31     -15.38, 12.35
13.35     -15.38, 12.35
13.38     -15.38, 12.35
13.41     -15.38, 12.35
13.45     -15.38, 12.35
13.48     -15.38, 12.35
13.51     -15.38, 12.35
13.55     -15.38, 12.35
13.58     -15.38, 12.35
13.61     -15.38, 12.35
13.65     -15.38, 12.35
13.68     -15.38, 12.35
13.71     -15.38, 12.35
13.75     -15.38, 12.35
13.78     -15.38, 12.35
13.81     -15.38, 12.35
13.85     -15.38, 12.35
13.88     -15.38, 12.35
13.91     -15.38, 12.35
13.95     -15.38, 12.35
13.98     -15.38, 12.35
14.01     -15.38, 12.35
14.05     -15.38, 12.35
14.08     -15.38, 12.35
14.11     -15.38, 12.35
14.15     -15.38, 12.35
14.18     -15.38, 12.35
14.21     -15.38, 12.35
14.25     -15.38, 12.35
14.28     -15.38, 12.35
14.31     -15.38, 12.35
14.35     -15.38, 12.35
14.38     -15.38, 12.35
14.41     -15.38, 12.35
14.45     -15.38, 12.35
14.48     -15.38, 12.35
0     0, 0.08
0     0, 0.17
0.02     0, 0.25
0.04     0, 0.34
0.05     0, 0.42
0.07     0, 0.51
0.09     0, 0.6
0.12     0, 0.7
0.15     0, 0.82
0.18     0, 0.95
0.22     0, 1.09
0.25     0, 1.24
0.28     0, 1.39
0.32     0, 1.55
0.35     0, 1.7
0.38     0, 1.86
0.42     0, 2.02
0.45     0, 2.19
0.48     0, 2.35
0.52     0, 2.51
0.55     0, 2.68
0.58     0, 2.84
0.62     0, 3.01
0.65     0, 3.17
0.68     0, 3.34
0.72     0, 3.5
0.75     0, 3.67
0.78     0, 3.84
0.82     0, 4
0.85     0, 4.17
0.88     0, 4.33
0.92     0, 4.5
0.95     0.01, 4.67
0.98     0.02, 4.83
1.02     0.03, 5
1.05     0.06, 5.16
1.08     0.1, 5.33
1.12     0.15, 5.49
1.17     0.21, 5.66
1.2     0.3, 5.81
1.24     0.41, 5.96
1.27     0.53, 6.09
1.3     0.66, 6.2
1.34     0.8, 6.3
1.37     0.95, 6.39
1.4     1.11, 6.46
1.44     1.27, 6.51
1.47     1.43, 6.54
1.5     1.6, 6.56
1.54     1.77, 6.56
1.57     1.94, 6.54
1.6     2.1, 6.5
1.64     2.26, 6.45
1.67     2.41, 6.38
1.7     2.55, 6.29
1.74     2.69, 6.2
1.77     2.81, 6.08
1.8     2.92, 5.96
1.84     3.02, 5.82
1.87     3.1, 5.68
1.89     3.17, 5.53
1.92     3.22, 5.39
1.95     3.26, 5.24
1.99     3.28, 5.09
2.02     3.3, 4.93
2.05     3.31, 4.77
2.09     3.3, 4.6
2.12     3.29, 4.44
2.15     3.28, 4.28
2.19     3.26, 4.12
2.22     3.24, 3.95
2.25     3.21, 3.79
2.29     3.19, 3.63
2.32     3.17, 3.46
2.35     3.15, 3.3
2.39     3.13, 3.13
2.42     3.1, 2.97
2.45     3.07, 2.81
2.49     3.03, 2.64
2.52     2.98, 2.48
2.55     2.92, 2.33
2.59     2.85, 2.18
2.62     2.77, 2.03
2.65     2.68, 1.89
2.69     2.58, 1.76
2.72     2.47, 1.63
2.75     2.36, 1.51
2.79     2.24, 1.39
2.82     2.13, 1.27
2.85     2.01, 1.16
2.89     1.89, 1.04
2.92     1.77, 0.92
2.95     1.65, 0.81
2.99     1.53, 0.69
3.02     1.41, 0.58
3.05     1.28, 0.47
3.09     1.15, 0.36
3.12     1.02, 0.26
3.15     0.89, 0.16
3.19     0.74, 0.07
3.22     0.6, -0.01
3.25     0.45, -0.08
3.29     0.3, -0.15
3.32     0.14, -0.21
3.35     -0.01, -0.28
3.39     -0.17, -0.34
3.42     -0.32, -0.4
3.45     -0.47, -0.47
3.49     -0.63, -0.53
3.52     -0.78, -0.59
3.55     -0.94, -0.66
3.59     -1.09, -0.72
3.62     -1.24, -0.78
3.65     -1.4, -0.85
3.69     -1.55, -0.91
3.72     -1.71, -0.97
3.75     -1.86, -1.04
3.79     -2.01, -1.1
3.82     -2.17, -1.16
3.85     -2.32, -1.23
3.89     -2.48, -1.29
3.92     -2.63, -1.35
3.95     -2.78, -1.42
3.99     -2.94, -1.48
4.02     -3.09, -1.55
4.05     -3.25, -1.61
4.09     -3.4, -1.67
4.12     -3.56, -1.74
4.15     -3.71, -1.8
4.19     -3.86, -1.86
4.22     -4.02, -1.93
4.25     -4.17, -1.99
4.29     -4.33, -2.05
4.32     -4.48, -2.12
4.35     -4.63, -2.18
4.39     -4.79, -2.24
4.42     -4.94, -2.31
4.45     -5.1, -2.37
4.49     -5.25, -2.44
4.52     -5.4, -2.5
4.55     -5.55, -2.58
4.59     -5.7, -2.66
4.62     -5.84, -2.74
4.65     -5.98, -2.84
4.69     -6.11, -2.94
4.72     -6.23, -3.06
4.75     -6.33, -3.19
4.79     -6.43, -3.32
4.82     -6.51, -3.47
4.85     -6.57, -3.62
4.89     -6.62, -3.78
4.92     -6.65, -3.95
4.95     -6.66, -4.11
4.99     -6.66, -4.28
5.02     -6.64, -4.45
5.05     -6.6, -4.61
5.09     -6.54, -4.77
5.12     -6.47, -4.92
5.15     -6.38, -5.06
5.19     -6.28, -5.19
5.22     -6.17, -5.31
5.25     -6.04, -5.42
5.29     -5.9, -5.51
5.32     -5.76, -5.59
5.35     -5.6, -5.66
5.39     -5.44, -5.71
5.42     -5.28, -5.74
5.45     -5.11, -5.75
5.49     -4.95, -5.75
5.52     -4.78, -5.74
5.55     -4.62, -5.72
5.59     -4.45, -5.69
5.62     -4.29, -5.65
5.65     -4.13, -5.61
5.69     -3.97, -5.56
5.72     -3.81, -5.52
5.75     -3.65, -5.47
5.79     -3.49, -5.42
5.82     -3.33, -5.38
5.85     -3.17, -5.33
5.89     -3.01, -5.28
5.92     -2.85, -5.23
5.95     -2.69, -5.18
5.99     -2.54, -5.12
6.02     -2.38, -5.06
6.05     -2.23, -4.99
6.09     -2.08, -4.91
6.12     -1.94, -4.83
6.15     -1.8, -4.74
6.19     -1.65, -4.65
6.22     -1.51, -4.57
6.25     -1.37, -4.48
6.29     -1.23, -4.39
6.32     -1.08, -4.31
6.35     -0.94, -4.22
6.39     -0.8, -4.13
6.42     -0.66, -4.05
6.45     -0.52, -3.96
6.49     -0.38, -3.87
6.52     -0.24, -3.77
6.55     -0.11, -3.67
6.59     0.02, -3.56
6.62     0.14, -3.45
6.65     0.26, -3.33
6.69     0.37, -3.21
6.72     0.49, -3.09
6.75     0.6, -2.97
6.79     0.72, -2.85
6.82     0.83, -2.73
6.85     0.95, -2.61
6.89     1.06, -2.49
6.92     1.18, -2.36
6.95     1.29, -2.24
6.99     1.41, -2.12
7.02     1.52, -2
7.05     1.64, -1.88
7.09     1.75, -1.76
7.12     1.87, -1.64
7.15     1.98, -1.52
7.19     2.1, -1.4
7.22     2.21, -1.28
7.25     2.33, -1.16
7.29     2.44, -1.04
7.32     2.56, -0.92
7.35     2.67, -0.79
7.39     2.79, -0.67
7.42     2.9, -0.55
7.45     3.02, -0.43
7.49     3.13, -0.31
7.52     3.25, -0.19
7.55     3.36, -0.07
7.59     3.47, 0.05
7.62     3.59, 0.17
7.65     3.7, 0.3
7.69     3.81, 0.43
7.72     3.91, 0.56
7.75     4, 0.69
7.79     4.09, 0.84
7.82     4.17, 0.98
7.85     4.24, 1.14
7.89     4.3, 1.29
7.92     4.37, 1.44
7.95     4.43, 1.6
7.99     4.49, 1.75
8.02     4.56, 1.91
8.05     4.62, 2.06
8.09     4.68, 2.19
8.12     4.71, 2.28
8.15     4.77, 2.44
8.19     4.82, 2.6
8.22     4.87, 2.76
8.25     4.91, 2.92
8.29     4.93, 3.08
8.32     4.95, 3.25
8.35     4.95, 3.42
8.39     4.94, 3.58
8.42     4.91, 3.75
8.45     4.87, 3.91
8.49     4.82, 4.07
8.52     4.76, 4.22
8.55     4.69, 4.38
8.59     4.62, 4.53
8.62     4.55, 4.68
8.65     4.47, 4.83
8.69     4.4, 4.97
8.72     4.31, 5.12
8.75     4.22, 5.26
8.79     4.13, 5.4
8.82     4.02, 5.53
8.85     3.91, 5.65
8.89     3.79, 5.76
8.92     3.65, 5.86
8.95     3.51, 5.95
8.99     3.36, 6.02
9.02     3.2, 6.07
9.05     3.04, 6.11
9.09     2.87, 6.13
9.12     2.71, 6.13
9.15     2.54, 6.12
9.19     2.38, 6.09
9.22     2.22, 6.05
9.25     2.06, 6
9.29     1.9, 5.95
9.32     1.75, 5.88
9.35     1.59, 5.81
9.39     1.44, 5.74
9.42     1.29, 5.67
9.45     1.14, 5.6
9.49     0.99, 5.52
9.52     0.84, 5.45
9.55     0.7, 5.37
9.59     0.55, 5.3
9.62     0.4, 5.21
9.65     0.26, 5.12
9.69     0.13, 5.03
9.72     -0.01, 4.93
9.75     -0.14, 4.82
9.79     -0.26, 4.71
9.82     -0.39, 4.6
9.85     -0.51, 4.49
9.89     -0.64, 4.39
9.92     -0.76, 4.28
9.95     -0.89, 4.17
9.99     -1.02, 4.06
10.02     -1.14, 3.95
10.05     -1.27, 3.84
10.09     -1.39, 3.73
10.12     -1.52, 3.62
10.15     -1.64, 3.5
10.19     -1.76, 3.39
10.22     -1.87, 3.26
10.25     -1.98, 3.14
10.29     -2.08, 3
10.32     -2.17, 2.86
10.35     -2.24, 2.71
10.39     -2.32, 2.56
10.42     -2.38, 2.41
10.45     -2.44, 2.26
10.49     -2.5, 2.1
10.52     -2.56, 1.94
10.55     -2.61, 1.78
10.59     -2.67, 1.63
10.62     -2.72, 1.47
10.65     -2.78, 1.31
10.69     -2.83, 1.16
10.72     -2.89, 1
10.75     -2.95, 0.84
10.79     -3, 0.68
10.82     -3.05, 0.53
10.85     -3.1, 0.37
10.89     -3.13, 0.2
10.92     -3.17, 0.04
10.95     -3.19, -0.12
10.99     -3.21, -0.29
11.02     -3.22, -0.46
11.05     -3.23, -0.62
11.09     -3.25, -0.79
11.12     -3.26, -0.96
11.15     -3.27, -1.12
11.19     -3.29, -1.29
11.22     -3.3, -1.45
11.25     -3.31, -1.62
11.29     -3.33, -1.79
11.32     -3.34, -1.95
11.35     -3.35, -2.12
11.39     -3.35, -2.29
11.42     -3.34, -2.45
11.45     -3.33, -2.62
11.49     -3.33, -2.77
11.52     -3.29, -2.93
11.55     -3.25, -3.09
11.59     -3.18, -3.24
11.62     -3.1, -3.39
11.65     -3.01, -3.53
11.69     -2.91, -3.66
11.72     -2.79, -3.78
11.75     -2.67, -3.89
11.79     -2.55, -4
11.82     -2.41, -4.11
11.85     -2.28, -4.2
11.89     -2.14, -4.3
11.92     -2.01, -4.4
11.95     -1.87, -4.49
11.99     -1.73, -4.59
12.02     -1.6, -4.68
12.05     -1.46, -4.77
12.09     -1.32, -4.87
12.12     -1.18, -4.96
12.15     -1.05, -5.06
12.19     -0.91, -5.15
12.22     -0.77, -5.25
12.25     -0.63, -5.34
12.29     -0.49, -5.43
12.32     -0.35, -5.52
12.35     -0.21, -5.6
12.39     -0.07, -5.69
12.42     0.08, -5.78
12.45     0.22, -5.86
12.49     0.37, -5.93
12.52     0.53, -6
12.55     0.68, -6.05
12.59     0.84, -6.1
12.62     1.01, -6.13
12.65     1.17, -6.14
12.69     1.34, -6.14
12.72     1.5, -6.12
12.75     1.67, -6.08
12.79     1.83, -6.03
12.82     1.98, -5.96
12.85     2.12, -5.88
12.89     2.25, -5.78
12.92     2.38, -5.66
12.95     2.49, -5.54
12.99     2.58, -5.4
13.02     2.66, -5.26
13.05     2.73, -5.1
13.09     2.78, -4.94
13.12     2.81, -4.78
13.15     2.83, -4.61
13.19     2.82, -4.45
13.22     2.8, -4.28
13.25     2.77, -4.12
13.29     2.71, -3.96
13.32     2.65, -3.81
13.35     2.57, -3.66
13.39     2.47, -3.52
13.42     2.37, -3.39
13.45     2.27, -3.26
13.49     2.16, -3.14
13.52     2.04, -3.02
13.55     1.92, -2.9
13.59     1.8, -2.78
13.62     1.68, -2.67
13.65     1.56, -2.55
13.69     1.45, -2.44
13.72     1.33, -2.32
13.75     1.21, -2.2
13.79     1.09, -2.09
13.82     0.97, -1.97
13.85     0.85, -1.85
13.89     0.73, -1.74
13.92     0.61, -1.62
13.95     0.49, -1.5
13.99     0.37, -1.39
14.02     0.25, -1.27
14.05     0.13, -1.16
14.09     0.01, -1.04
14.12     -0.11, -0.93
14.15     -0.24, -0.82
14.19     -0.37, -0.72
14.22     -0.5, -0.62
14.25     -0.65, -0.53
14.29     -0.79, -0.46
14.32     -0.95, -0.39
14.35     -1.11, -0.34
14.39     -1.27, -0.31
14.42     -1.44, -0.29
14.45     -1.6, -0.3
14.49     -1.77, -0.32
14.52     -1.93, -0.35
14.55     -2.09, -0.41
14.59     -2.24, -0.48
14.62     -2.38, -0.56
14.65     -2.52, -0.66
14.69     -2.64, -0.77
14.72     -2.75, -0.9
14.75     -2.85, -1.03
14.79     -2.94, -1.17
14.82     -3.02, -1.32
14.85     -3.1, -1.47
14.89     -3.16, -1.62
14.92     -3.23, -1.77
14.95     -3.29, -1.93
14.99     -3.34, -2.08
15.02     -3.4, -2.24
15.05     -3.46, -2.4
15.09     -3.52, -2.55
15.12     -3.58, -2.71
15.15     -3.63, -2.87
15.19     -3.69, -3.02
15.22     -3.75, -3.18
15.25     -3.81, -3.34
15.29     -3.86, -3.49
15.32     -3.92, -3.65
15.35     -3.98, -3.8
15.39     -4.04, -3.96
15.42     -4.1, -4.12
15.45     -4.15, -4.27
15.49     -4.21, -4.43
15.52     -4.27, -4.59
15.55     -4.33, -4.74
15.59     -4.38, -4.9
15.62     -4.44, -5.05
15.65     -4.5, -5.21
15.69     -4.56, -5.37
15.72     -4.62, -5.52
15.75     -4.68, -5.68
15.79     -4.75, -5.83
15.82     -4.82, -5.98
15.85     -4.9, -6.12
15.89     -4.99, -6.26
15.92     -5.09, -6.4
15.95     -5.2, -6.52
15.99     -5.33, -6.63
16.02     -5.46, -6.73
16.05     -5.6, -6.82
16.09     -5.75, -6.89
16.12     -5.91, -6.94
16.15     -6.07, -6.98
16.19     -6.24, -7
16.22     -6.41, -7
16.25     -6.57, -6.99
16.29     -6.74, -6.97
16.32     -6.91, -6.97
16.35     -7.06, -6.91
16.39     -7.21, -6.82
16.42     -7.34, -6.73
16.45     -7.47, -6.62
16.49     -7.58, -6.5
16.52     -7.68, -6.36
16.55     -7.77, -6.22
16.59     -7.84, -6.07
16.62     -7.89, -5.91
16.65     -7.93, -5.75
16.69     -7.95, -5.58
16.72     -7.95, -5.42
16.75     -7.93, -5.25
16.79     -7.9, -5.09
16.82     -7.85, -4.93
16.85     -7.79, -4.77
16.89     -7.7, -4.63
16.92     -7.61, -4.49
16.95     -7.5, -4.37
16.99     -7.38, -4.25
17.02     -7.24, -4.15
17.05     -7.1, -4.07
17.09     -6.95, -4
17.12     -6.79, -3.94
17.15     -6.63, -3.89
17.19     -6.47, -3.86
17.22     -6.31, -3.83
17.25     -6.14, -3.81
17.29     -5.97, -3.79
17.32     -5.81, -3.78
17.35     -5.64, -3.77
17.39     -5.48, -3.76
17.42     -5.31, -3.74
17.45     -5.14, -3.73
17.49     -4.98, -3.72
17.52     -4.81, -3.71
17.55     -4.64, -3.69
17.59     -4.48, -3.67
17.62     -4.32, -3.64
17.65     -4.15, -3.61
17.69     -3.99, -3.56
17.72     -3.84, -3.5
17.75     -3.69, -3.43
17.79     -3.54, -3.35
17.82     -3.41, -3.25
17.85     -3.29, -3.13
17.89     -3.18, -3.01
17.92     -3.08, -2.87
17.95     -3, -2.73
17.99     -2.93, -2.57
18.02     -2.88, -2.41
18.05     -2.85, -2.25
18.09     -2.84, -2.08
18.12     -2.84, -1.92
18.15     -2.86, -1.75
18.19     -2.89, -1.59
18.22     -2.95, -1.43
18.25     -3.02, -1.28
18.29     -3.1, -1.14
18.32     -3.2, -1
18.35     -3.32, -0.88
18.39     -3.44, -0.77
18.42     -3.58, -0.68
18.45     -3.72, -0.59
18.49     -3.88, -0.53
18.52     -4.03, -0.48
18.55     -4.2, -0.44
18.59     -4.36, -0.41
18.62     -4.53, -0.4
18.65     -4.69, -0.39
18.69     -4.86, -0.39
18.72     -5.03, -0.4
18.75     -5.19, -0.41
18.79     -5.36, -0.42
18.82     -5.53, -0.43
18.85     -5.69, -0.44
18.89     -5.86, -0.45
18.92     -6.02, -0.46
18.95     -6.19, -0.47
18.99     -6.36, -0.48
19.02     -6.52, -0.49
19.05     -6.69, -0.49
19.09     -6.86, -0.48
19.12     -7.02, -0.47
19.15     -7.19, -0.44
19.19     -7.35, -0.4
19.22     -7.51, -0.35
19.25     -7.66, -0.29
19.29     -7.81, -0.2
19.32     -7.94, -0.11
19.35     -8.07, 0
19.39     -8.18, 0.12
19.42     -8.28, 0.26
19.45     -8.37, 0.4
19.49     -8.44, 0.55
19.52     -8.51, 0.7
19.55     -8.56, 0.86
19.59     -8.6, 1.02
19.62     -8.64, 1.18
19.65     -8.68, 1.35
19.69     -8.71, 1.51
19.72     -8.73, 1.68
19.75     -8.76, 1.84
19.79     -8.79, 2
19.82     -8.82, 2.17
19.85     -8.85, 2.33
19.89     -8.88, 2.5
19.92     -8.9, 2.66
19.95     -8.93, 2.83
19.99     -8.96, 2.99
20.02     -8.99, 3.15
20.05     -9.02, 3.32
20.09     -9.04, 3.48
20.12     -9.07, 3.65
20.15     -9.1, 3.81
20.19     -9.13, 3.98
20.22     -9.16, 4.14
20.25     -9.19, 4.3
20.29     -9.21, 4.47
20.32     -9.24, 4.63
20.35     -9.26, 4.8
20.39     -9.28, 4.96
20.42     -9.29, 5.13
20.45     -9.29, 5.3
20.49     -9.29, 5.46
20.52     -9.26, 5.63
20.55     -9.23, 5.79
20.59     -9.18, 5.95
20.62     -9.12, 6.11
20.65     -9.04, 6.25
20.69     -8.96, 6.4
20.72     -8.87, 6.54
20.75     -8.78, 6.68
20.79     -8.67, 6.81
20.82     -8.57, 6.94
20.85     -8.47, 7.07
20.89     -8.36, 7.2
20.92     -8.25, 7.32
20.95     -8.15, 7.44
20.99     -8.03, 7.55
21.02     -7.9, 7.66
21.05     -7.77, 7.75
21.09     -7.62, 7.84
21.12     -7.47, 7.91
21.15     -7.31, 7.96
21.19     -7.15, 8
21.22     -6.98, 8.01
21.25     -6.82, 8.02
21.29     -6.65, 8
21.32     -6.49, 7.98
21.35     -6.32, 7.94
21.39     -6.17, 7.89
21.42     -6.01, 7.83
21.45     -5.86, 7.76
21.49     -5.7, 7.69
21.52     -5.55, 7.62
21.55     -5.4, 7.55
21.59     -5.26, 7.47
21.62     -5.11, 7.4
21.65     -4.96, 7.33
21.69     -4.81, 7.25
21.72     -4.65, 7.18
21.75     -4.5, 7.12
21.79     -4.34, 7.06
21.82     -4.19, 7.01
21.85     -4.02, 6.97
21.89     -3.86, 6.95
21.92     -3.69, 6.93
21.95     -3.53, 6.93
21.99     -3.36, 6.95
22.02     -3.2, 6.99
22.05     -3.04, 7.04
22.09     -2.89, 7.11
22.12     -2.75, 7.2
22.15     -2.61, 7.3
22.19     -2.49, 7.41
22.22     -2.38, 7.53
22.25     -2.28, 7.67
22.29     -2.2, 7.82
22.32     -2.13, 7.97
22.35     -2.08, 8.13
22.39     -2.04, 8.29
22.42     -2, 8.45
22.45     -1.98, 8.61
22.49     -1.96, 8.78
22.52     -1.95, 8.95
22.55     -1.94, 9.11
22.59     -1.93, 9.28
22.62     -1.93, 9.45
22.65     -1.92, 9.61
22.69     -1.91, 9.78
22.72     -1.91, 9.95
22.75     -1.9, 10.11
22.79     -1.89, 10.28
22.82     -1.89, 10.45
22.85     -1.88, 10.61
22.89     -1.87, 10.78
22.92     -1.86, 10.94
22.95     -1.85, 11.11
22.99     -1.84, 11.28
23.02     -1.81, 11.44
23.05     -1.78, 11.61
23.09     -1.74, 11.77
23.12     -1.68, 11.92
23.15     -1.61, 12.08
23.19     -1.53, 12.22
23.22     -1.45, 12.36
23.25     -1.35, 12.5
23.29     -1.25, 12.63
23.32     -1.15, 12.76
23.35     -1.04, 12.89
23.39     -0.93, 13.02
23.42     -0.82, 13.14
23.45     -0.71, 13.27
23.49     -0.6, 13.4
23.52     -0.5, 13.52
23.55     -0.39, 13.65
23.59     -0.28, 13.78
23.62     -0.17, 13.9
23.65     -0.06, 14.03
23.69     0.05, 14.15
23.72     0.16, 14.28
23.75     0.27, 14.41
23.79     0.37, 14.53
23.82     0.48, 14.66
23.85     0.59, 14.79
23.89     0.7, 14.91
23.92     0.81, 15.04
23.95     0.92, 15.16
23.99     1.03, 15.29
24.02     1.14, 15.42
24.05     1.24, 15.54
24.09     1.24, 15.54
24.12     1.24, 15.54
24.15     1.24, 15.54
24.19     1.24, 15.54
24.22     1.24, 15.54
24.25     1.24, 15.54
24.29     1.24, 15.54
24.32     1.24, 15.54
24.35     1.24, 15.54
24.39     1.24, 15.54
24.42     1.24, 15.54
24.45     1.24, 15.54
24.49     1.24, 15.54
24.52     1.24, 15.54
24.55     1.24, 15.54
24.59     1.24, 15.54
24.62     1.24, 15.54
24.65     1.24, 15.54
24.69     1.24, 15.54
24.72     1.24, 15.54
24.75     1.24, 15.54
24.79     1.24, 15.54
24.82     1.24, 15.54
24.85     1.24, 15.54
24.89     1.24, 15.54
24.92     1.24, 15.54
24.95     1.24, 15.54
24.99     1.24, 15.54
25.02     1.24, 15.54
25.05     1.24, 15.54
25.09     1.24, 15.54
25.12     1.24, 15.54
25.15     1.24, 15.54
25.19     1.24, 15.54
25.22     1.24, 15.54
25.25     1.24, 15.54
25.29     1.24, 15.54
25.32     1.24, 15.54
25.35     1.24, 15.54
25.39     1.24, 15.54
25.42     1.24, 15.54
25.45     1.24, 15.54
25.49     1.24, 15.54
25.52     1.24, 15.54
25.55     1.24, 15.54
25.59     1.24, 15.54
25.62     1.24, 15.54
25.65     1.24, 15.54
25.69     1.24, 15.54
25.72     1.24, 15.54
25.75     1.24, 15.54
25.79     1.24, 15.54
25.82     1.24, 15.54
25.85     1.24, 15.54
25.89     1.24, 15.54
25.92     1.24, 15.54
25.95     1.24, 15.54
25.99     1.24, 15.54
26.02     1.24, 15.54
26.05     1.24, 15.54
26.09     1.24, 15.54
26.12     1.24, 15.54
26.15     1.24, 15.54
26.19     1.24, 15.54
26.22     1.24, 15.54
26.25     1.24, 15.54
26.29     1.24, 15.54
26.32     1.24, 15.54
26.35     1.24, 15.54
26.39     1.24, 15.54
26.42     1.24, 15.54
26.45     1.24, 15.54
26.49     1.24, 15.54
26.52     1.24, 15.54
26.55     1.24, 15.54
26.59     1.24, 15.54
26.62     1.24, 15.54
26.65     1.24, 15.54
26.69     1.24, 15.54
26.72     1.24, 15.54
26.75     1.24, 15.54
26.79     1.24, 15.54
26.82     1.24, 15.54
26.85     1.24, 15.54
26.89     1.24, 15.54
26.92     1.24, 15.54
26.95     1.24, 15.54
26.99     1.24, 15.54
27.02     1.24, 15.54
27.05     1.24, 15.54
27.09     1.24, 15.54
0     0, 0.08
0     0, 0.17
0.02     0, 0.25
0.04     0, 0.33
0.05     0, 0.42
0.07     0, 0.5
0.09     0, 0.59
0.11     0, 0.68
0.13     0, 0.77
0.15     0, 0.87
0.19     0, 0.99
0.22     0, 1.12
0.25     0, 1.25
0.29     0, 1.4
0.32     0, 1.54
0.35     0, 1.7
0.39     0, 1.85
0.42     0, 2.01
0.45     0, 2.17
0.49     0, 2.33
0.52     0, 2.49
0.55     0, 2.65
0.59     0, 2.82
0.62     0, 2.98
0.65     0, 3.15
0.69     0, 3.31
0.72     0, 3.48
0.75     0, 3.64
0.79     0, 3.81
0.82     0, 3.98
0.85     0, 4.14
0.89     0, 4.31
0.92     0, 4.47
0.95     0, 4.64
0.99     0, 4.81
1.02     0, 4.97
1.05     0, 5.14
1.09     0, 5.31
1.12     0, 5.47
1.15     0, 5.64
1.19     0, 5.81
1.22     0, 5.97
1.25     0, 6.14
1.29     0, 6.31
1.32     0, 6.47
1.35     0, 6.64
1.39     0, 6.81
1.42     0, 6.97
1.45     0, 7.14
1.49     0, 7.31
1.52     0, 7.47
1.55     0, 7.64
1.59     0, 7.81
1.62     0, 7.97
1.65     0, 8.14
1.69     0, 8.31
1.72     0, 8.47
1.75     0, 8.64
1.79     0, 8.81
1.82     0, 8.97
1.85     0, 9.14
1.89     0, 9.31
1.92     0, 9.47
1.95     0, 9.64
1.99     0, 9.81
2.02     0, 9.97
2.05     0, 10.14
2.09     0, 10.31
2.12     0, 10.47
2.15     0, 10.64
2.19     0, 10.81
2.22     0.01, 10.97
2.25     0.01, 11.14
2.29     0.02, 11.31
2.32     0.03, 11.47
2.35     0.03, 11.64
2.39     0.04, 11.8
2.42     0.05, 11.97
2.45     0.06, 12.14
2.49     0.06, 12.3
2.52     0.08, 12.47
2.55     0.09, 12.64
2.59     0.12, 12.8
2.62     0.15, 12.96
2.65     0.2, 13.13
2.69     0.25, 13.28
2.72     0.32, 13.43
2.75     0.4, 13.58
2.79     0.5, 13.72
2.82     0.61, 13.84
2.85     0.73, 13.95
2.89     0.86, 14.05
2.92     1.01, 14.14
2.95     1.16, 14.21
2.99     1.32, 14.26
3.02     1.48, 14.29
3.05     1.65, 14.31
3.09     1.81, 14.32
3.12     1.98, 14.3
3.15     2.14, 14.27
3.19     2.3, 14.22
3.22     2.45, 14.15
3.25     2.6, 14.07
3.29     2.73, 13.97
3.32     2.86, 13.86
3.35     2.97, 13.74
3.39     3.07, 13.6
3.42     3.16, 13.46
3.45     3.22, 13.31
3.49     3.28, 13.15
3.52     3.31, 12.99
3.55     3.33, 12.82
3.59     3.34, 12.66
3.62     3.33, 12.49
3.65     3.3, 12.33
3.69     3.27, 12.16
3.72     3.23, 12
3.75     3.18, 11.84
3.79     3.13, 11.68
3.82     3.07, 11.53
3.85     3.01, 11.37
3.89     2.95, 11.22
3.92     2.9, 11.06
3.95     2.84, 10.9
3.99     2.78, 10.75
4     2.73, 10.61
4.04     2.67, 10.46
4.05     2.62, 10.33
4.07     2.58, 10.21
4.09     2.54, 10.1
4.1     2.5, 9.99
4.12     2.46, 9.89
4.14     2.43, 9.8
4.15     2.39, 9.71
4.17     2.36, 9.62
4.19     2.33, 9.53
4.2     2.29, 9.45
4.22     2.26, 9.36
4.24     2.23, 9.28
4.25     2.2, 9.2
4.27     2.17, 9.12
4.29     2.14, 9.04
4.3     2.11, 8.96
4.32     2.08, 8.88
4.34     2.05, 8.8
4.35     2.02, 8.72
4.37     1.99, 8.64
4.39     1.97, 8.56
4.4     1.94, 8.48
4.42     1.91, 8.4
4.44     1.88, 8.33
4.45     1.85, 8.25
4.47     1.82, 8.17
4.49     1.79, 8.09
4.5     1.76, 8.01
4.52     1.73, 7.93
4.54     1.7, 7.86
4.55     1.67, 7.78
4.57     1.64, 7.7
4.59     1.62, 7.62
4.6     1.59, 7.54
4.62     1.56, 7.47
4.64     1.53, 7.39
4.65     1.5, 7.31
4.67     1.47, 7.23
4.69     1.44, 7.15
4.7     1.42, 7.07
4.72     1.39, 7
4.74     1.37, 6.92
4.75     1.34, 6.84
4.77     1.32, 6.76
4.79     1.3, 6.67
4.8     1.28, 6.59
4.82     1.27, 6.51
4.84     1.25, 6.43
4.85     1.24, 6.35
4.87     1.23, 6.26
4.89     1.22, 6.18
4.9     1.21, 6.1
4.92     1.2, 6.02
4.94     1.19, 5.93
4.95     1.19, 5.85
4.97     1.18, 5.77
4.99     1.17, 5.68
5     1.16, 5.6
5.02     1.15, 5.52
5.04     1.15, 5.43
5.05     1.14, 5.35
5.07     1.13, 5.27
5.09     1.12, 5.18
5.1     1.11, 5.1
5.12     1.11, 5.02
5.14     1.1, 4.94
5.15     1.09, 4.85
5.17     1.08, 4.77
5.19     1.08, 4.69
5.2     1.07, 4.6
5.22     1.06, 4.52
5.24     1.06, 4.44
5.25     1.05, 4.35
5.27     1.05, 4.27
5.29     1.05, 4.19
5.3     1.05, 4.1
5.32     1.06, 4.02
5.34     1.07, 3.94
5.35     1.07, 3.85
5.37     1.09, 3.77
5.39     1.1, 3.69
5.4     1.12, 3.61
5.42     1.14, 3.53
5.44     1.17, 3.45
5.45     1.19, 3.37
5.47     1.23, 3.29
5.49     1.26, 3.22
5.5     1.3, 3.15
5.52     1.35, 3.08
5.54     1.4, 3.01
5.55     1.45, 2.94
5.57     1.5, 2.88
5.59     1.56, 2.82
5.6     1.62, 2.76
5.62     1.68, 2.71
5.64     1.75, 2.66
5.65     1.82, 2.61
5.67     1.89, 2.57
5.69     1.97, 2.53
5.7     2.04, 2.49
5.72     2.12, 2.46
5.74     2.2, 2.44
5.75     2.28, 2.41
5.77     2.36, 2.39
5.79     2.44, 2.38
5.8     2.52, 2.36
5.82     2.6, 2.35
5.84     2.69, 2.34
5.85     2.77, 2.34
5.87     2.85, 2.34
5.89     2.94, 2.34
5.9     3.02, 2.34
5.92     3.1, 2.34
5.94     3.17, 2.32
5.95     3.26, 2.33
5.97     3.34, 2.33
5.99     3.42, 2.34
6     3.51, 2.34
6.02     3.59, 2.34
6.04     3.67, 2.35
6.05     3.76, 2.35
6.07     3.84, 2.34
6.09     3.92, 2.34
6.1     4.01, 2.34
6.12     4.09, 2.33
6.14     4.17, 2.32
6.15     4.25, 2.32
6.17     4.34, 2.31
6.19     4.42, 2.3
6.2     4.5, 2.29
6.22     4.59, 2.28
6.24     4.67, 2.27
6.25     4.75, 2.26
6.27     4.83, 2.25
6.29     4.92, 2.25
6.3     5, 2.24
6.32     5.08, 2.23
6.34     5.17, 2.22
6.35     5.25, 2.21
6.37     5.33, 2.2
6.39     5.41, 2.19
6.4     5.5, 2.18
6.42     5.58, 2.17
6.44     5.66, 2.16
6.45     5.75, 2.15
6.47     5.83, 2.15
6.49     5.91, 2.14
6.5     5.99, 2.13
6.52     6.08, 2.12
6.54     6.16, 2.11
6.55     6.24, 2.09
6.57     6.32, 2.08
6.59     6.41, 2.06
6.6     6.49, 2.05
6.62     6.57, 2.03
6.64     6.65, 2.01
6.65     6.73, 1.98
6.67     6.81, 1.96
6.69     6.89, 1.93
6.7     6.96, 1.9
6.72     7.04, 1.87
6.74     7.12, 1.83
6.75     7.19, 1.79
6.77     7.26, 1.75
6.79     7.33, 1.7
6.8     7.4, 1.66
6.82     7.47, 1.61
6.84     7.54, 1.56
6.85     7.6, 1.51
6.87     7.67, 1.46
6.89     7.74, 1.41
6.9     7.8, 1.36
6.92     7.86, 1.3
6.94     7.93, 1.25
6.95     7.99, 1.2
6.97     8.06, 1.14
6.99     8.12, 1.09
7     8.18, 1.04
7.02     8.25, 0.98
7.04     8.31, 0.93
7.05     8.37, 0.88
7.07     8.44, 0.82
7.09     8.5, 0.77
7.1     8.56, 0.71
7.12     8.62, 0.65
7.14     8.68, 0.59
7.15     8.74, 0.54
7.17     8.8, 0.48
7.19     8.86, 0.41
7.2     8.91, 0.35
7.22     8.97, 0.29
7.24     9.03, 0.23
7.25     9.08, 0.17
7.27     9.14, 0.11
7.29     9.2, 0.05
7.3     9.25, -0.01
7.32     9.31, -0.08
7.34     9.36, -0.14
7.35     9.42, -0.2
7.37     9.47, -0.27
7.39     9.52, -0.33
7.4     9.57, -0.4
7.42     9.62, -0.47
7.44     9.67, -0.53
7.45     9.71, -0.6
7.47     9.76, -0.68
7.49     9.8, -0.75
7.5     9.83, -0.82
7.52     9.87, -0.9
7.54     9.9, -0.97
7.55     9.94, -1.05
7.57     9.97, -1.13
7.59     10, -1.21
7.6     10.02, -1.29
7.62     10.05, -1.36
7.64     10.08, -1.44
7.65     10.1, -1.52
7.67     10.13, -1.6
7.69     10.15, -1.68
7.7     10.18, -1.76
7.72     10.2, -1.84
7.74     10.23, -1.92
7.75     10.25, -2
7.77     10.27, -2.08
7.79     10.3, -2.16
7.8     10.32, -2.24
7.82     10.34, -2.32
7.84     10.36, -2.4
7.85     10.38, -2.48
7.87     10.4, -2.56
7.89     10.41, -2.65
7.9     10.43, -2.73
7.92     10.44, -2.81
7.94     10.45, -2.89
7.95     10.47, -2.98
7.97     10.48, -3.06
7.99     10.49, -3.14
8     10.5, -3.22
8.02     10.51, -3.31
8.04     10.52, -3.39
8.05     10.53, -3.47
8.07     10.54, -3.55
8.09     10.55, -3.64
8.1     10.56, -3.72
8.12     10.57, -3.8
8.14     10.58, -3.88
8.15     10.59, -3.97
8.17     10.59, -4.05
8.19     10.6, -4.13
8.2     10.6, -4.22
8.22     10.6, -4.3
8.24     10.59, -4.38
8.25     10.59, -4.47
8.27     10.58, -4.55
8.29     10.57, -4.63
8.3     10.55, -4.72
8.32     10.53, -4.8
8.34     10.51, -4.88
8.35     10.49, -4.96
8.37     10.46, -5.03
8.39     10.43, -5.11
8.4     10.4, -5.19
8.42     10.37, -5.26
8.44     10.33, -5.34
8.45     10.3, -5.42
8.47     10.26, -5.49
8.49     10.23, -5.57
8.5     10.19, -5.64
8.52     10.16, -5.72
8.54     10.12, -5.8
8.55     10.09, -5.87
8.57     10.06, -5.95
8.59     10.03, -6.03
8.6     10, -6.11
8.62     9.97, -6.19
8.65     9.93, -6.28
8.67     9.9, -6.37
8.69     9.86, -6.46
8.7     9.83, -6.54
8.72     9.8, -6.63
8.74     9.76, -6.71
8.75     9.73, -6.79
8.77     9.7, -6.87
8.79     9.67, -6.95
8.8     9.64, -7.03
8.82     9.61, -7.11
8.84     9.58, -7.19
8.85     9.55, -7.27
8.87     9.52, -7.34
8.89     9.49, -7.42
8.9     9.46, -7.5
8.92     9.42, -7.58
8.94     9.39, -7.66
8.95     9.36, -7.73
8.97     9.32, -7.81
8.99     9.28, -7.88
9     9.25, -7.96
9.02     9.21, -8.03
9.04     9.16, -8.1
9.05     9.12, -8.17
9.07     9.07, -8.24
9.09     9.02, -8.31
9.1     8.97, -8.37
9.12     8.91, -8.44
9.14     8.86, -8.5
9.15     8.8, -8.55
9.17     8.73, -8.61
9.19     8.67, -8.66
9.2     8.6, -8.71
9.22     8.53, -8.75
9.24     8.46, -8.79
9.25     8.38, -8.83
9.27     8.3, -8.86
9.29     8.23, -8.89
9.3     8.15, -8.91
9.32     8.06, -8.93
9.34     7.98, -8.95
9.35     7.9, -8.96
9.37     7.82, -8.96
9.39     7.73, -8.97
9.4     7.65, -8.96
9.42     7.57, -8.96
9.44     7.48, -8.95
9.45     7.4, -8.93
9.47     7.32, -8.91
9.49     7.24, -8.89
9.5     7.16, -8.86
9.52     7.09, -8.83
9.54     7.01, -8.8
9.55     6.94, -8.76
9.57     6.87, -8.71
9.59     6.8, -8.67
9.6     6.73, -8.62
9.62     6.67, -8.56
9.64     6.61, -8.51
9.65     6.55, -8.45
9.67     6.49, -8.38
9.69     6.44, -8.32
9.7     6.4, -8.25
9.72     6.35, -8.18
9.74     6.31, -8.1
9.75     6.27, -8.03
9.77     6.24, -7.95
9.79     6.2, -7.88
9.8     6.17, -7.8
9.82     6.15, -7.72
9.84     6.12, -7.64
9.85     6.1, -7.56
9.87     6.08, -7.48
9.89     6.07, -7.4
9.9     6.06, -7.32
9.92     6.05, -7.23
9.94     6.04, -7.15
9.95     6.04, -7.07
9.97     6.04, -6.98
9.99     6.05, -6.9
10     6.05, -6.82
10.02     6.06, -6.73
10.04     6.07, -6.65
10.05     6.08, -6.57
10.07     6.1, -6.49
10.09     6.11, -6.4
10.11     6.13, -6.31
10.13     6.15, -6.22
10.14     6.17, -6.14
10.16     6.19, -6.05
10.18     6.21, -5.97
10.19     6.22, -5.89
10.21     6.24, -5.8
10.23     6.26, -5.72
10.24     6.28, -5.64
10.26     6.3, -5.56
10.28     6.32, -5.47
10.29     6.33, -5.39
10.31     6.35, -5.31
10.33     6.37, -5.23
10.34     6.39, -5.15
10.36     6.41, -5.06
10.38     6.42, -4.98
10.39     6.44, -4.9
10.41     6.46, -4.82
10.43     6.48, -4.74
10.44     6.5, -4.66
10.46     6.52, -4.58
10.48     6.53, -4.5
10.49     6.55, -4.41
10.51     6.57, -4.33
10.53     6.58, -4.25
10.54     6.59, -4.17
10.56     6.61, -4.08
10.58     6.62, -4
10.59     6.63, -3.92
10.61     6.64, -3.84
10.63     6.64, -3.76
10.64     6.65, -3.67
10.66     6.66, -3.66
10.68     6.66, -3.58
10.69     6.67, -3.49
10.71     6.68, -3.41
10.73     6.69, -3.33
10.74     6.69, -3.24
10.76     6.7, -3.16
10.78     6.71, -3.08
10.79     6.72, -3
10.81     6.72, -2.91
10.83     6.73, -2.83
10.84     6.74, -2.75
10.86     6.75, -2.66
10.88     6.76, -2.58
10.89     6.76, -2.5
10.91     6.77, -2.41
10.93     6.78, -2.33
10.94     6.79, -2.25
10.96     6.79, -2.17
10.98     6.8, -2.08
10.99     6.81, -2
11.01     6.82, -1.92
11.03     6.82, -1.83
11.04     6.83, -1.75
11.06     6.84, -1.67
11.08     6.85, -1.58
11.09     6.85, -1.5
11.11     6.86, -1.42
11.13     6.87, -1.34
11.14     6.88, -1.25
11.16     6.9, -1.17
11.18     6.91, -1.09
11.19     6.93, -1.01
11.21     6.94, -0.92
11.23     6.96, -0.84
11.24     6.98, -0.76
11.26     7.01, -0.68
11.28     7.04, -0.61
11.29     7.07, -0.53
11.31     7.1, -0.45
11.33     7.13, -0.38
11.34     7.17, -0.3
11.36     7.22, -0.23
11.38     7.26, -0.16
11.39     7.31, -0.09
11.41     7.37, -0.03
11.43     7.42, 0.03
11.44     7.48, 0.09
11.46     7.55, 0.14
11.48     7.61, 0.19
11.49     7.68, 0.24
11.51     7.75, 0.29
11.53     7.82, 0.33
11.54     7.9, 0.36
11.56     7.97, 0.4
11.58     8.05, 0.43
11.59     8.13, 0.45
11.61     8.21, 0.48
11.63     8.29, 0.49
11.64     8.37, 0.51
11.66     8.46, 0.52
11.68     8.54, 0.54
11.69     8.62, 0.54
11.71     8.71, 0.55
11.73     8.79, 0.55
11.74     8.87, 0.56
11.76     8.96, 0.56
11.78     9.04, 0.56
11.79     9.12, 0.56
11.81     9.2, 0.55
11.83     9.29, 0.55
11.84     9.37, 0.55
11.86     9.45, 0.54
11.88     9.54, 0.54
11.89     9.62, 0.53
11.91     9.7, 0.52
11.93     9.79, 0.51
11.94     9.87, 0.5
11.96     9.95, 0.48
11.98     10.03, 0.46
11.99     10.11, 0.44
12.01     10.19, 0.42
12.03     10.27, 0.39
12.04     10.35, 0.36
12.06     10.42, 0.33
12.08     10.5, 0.29
12.09     10.57, 0.25
12.11     10.64, 0.2
12.13     10.71, 0.15
12.14     10.77, 0.1
12.16     10.84, 0.05
12.18     10.9, -0.01
12.19     10.96, -0.07
12.21     11.01, -0.13
12.23     11.06, -0.2
12.24     11.12, -0.26
12.26     11.16, -0.33
12.28     11.21, -0.4
12.29     11.25, -0.47
12.31     11.3, -0.54
12.33     11.33, -0.62
12.34     11.37, -0.69
12.36     11.4, -0.77
12.38     11.43, -0.85
12.39     11.45, -0.93
12.41     11.47, -1.01
12.43     11.48, -1.09
12.44     11.49, -1.17
12.46     11.5, -1.26
12.48     11.5, -1.34
12.49     11.5, -1.42
12.51     11.49, -1.51
12.53     11.48, -1.59
12.54     11.46, -1.67
12.56     11.44, -1.75
12.58     11.42, -1.83
12.59     11.39, -1.91
12.61     11.36, -1.99
12.63     11.33, -2.06
12.64     11.29, -2.14
12.66     11.25, -2.21
12.68     11.21, -2.28
12.69     11.16, -2.35
12.71     11.12, -2.42
12.73     11.07, -2.49
12.74     11.02, -2.56
12.76     10.97, -2.62
12.78     10.91, -2.69
12.79     10.86, -2.75
12.81     10.8, -2.81
12.83     10.75, -2.88
12.84     10.69, -2.94
12.86     10.64, -3
12.88     10.58, -3.06
12.89     10.52, -3.12
12.91     10.47, -3.18
12.93     10.41, -3.24
12.94     10.36, -3.31
12.96     10.3, -3.37
12.98     10.24, -3.43
12.99     10.19, -3.49
13.01     10.13, -3.55
13.03     10.07, -3.61
13.04     10.02, -3.68
13.06     9.96, -3.74
13.08     9.91, -3.8
13.09     9.85, -3.86
13.11     9.79, -3.92
13.13     9.74, -3.98
13.14     9.68, -4.04
13.16     9.63, -4.11
13.18     9.57, -4.17
13.19     9.51, -4.23
13.21     9.46, -4.29
13.23     9.4, -4.35
13.24     9.34, -4.41
13.26     9.29, -4.48
13.28     9.23, -4.54
13.29     9.18, -4.6
13.31     9.12, -4.67
13.33     9.07, -4.73
13.34     9.02, -4.8
13.36     8.97, -4.86
13.38     8.92, -4.93
13.39     8.87, -5
13.41     8.83, -5.07
13.43     8.79, -5.14
13.44     8.75, -5.21
13.46     8.71, -5.29
13.48     8.67, -5.36
13.49     8.63, -5.43
13.51     8.59, -5.51
13.53     8.56, -5.58
13.54     8.52, -5.66
13.56     8.49, -5.74
13.58     8.46, -5.81
13.59     8.42, -5.89
13.61     8.39, -5.96
13.63     8.35, -6.04
13.64     8.32, -6.12
13.66     8.28, -6.19
13.68     8.25, -6.27
13.69     8.22, -6.34
13.71     8.18, -6.42
13.73     8.15, -6.5
13.74     8.11, -6.57
13.76     8.08, -6.65
13.78     8.05, -6.72
13.79     8.01, -6.8
13.81     7.98, -6.87
13.83     7.94, -6.95
13.84     7.91, -7.03
13.86     7.87, -7.1
13.88     7.84, -7.18
13.89     7.81, -7.26
13.91     7.77, -7.33
13.93     7.74, -7.41
13.94     7.7, -7.48
13.96     7.67, -7.56
13.98     7.63, -7.64
13.99     7.6, -7.71
14.01     7.57, -7.79
14.03     7.54, -7.87
14.04     7.5, -7.94
14.06     7.47, -8.02
14.08     7.45, -8.1
14.09     7.42, -8.18
14.11     7.39, -8.26
14.13     7.37, -8.34
14.14     7.35, -8.42
14.16     7.33, -8.5
14.18     7.32, -8.58
14.19     7.3, -8.66
14.21     7.29, -8.75
14.23     7.29, -8.83
14.24     7.29, -8.91
14.26     7.29, -9
14.28     7.3, -9.08
14.29     7.3, -9.16
14.31     7.32, -9.24
14.33     7.33, -9.33
14.34     7.35, -9.41
14.36     7.37, -9.49
14.38     7.39, -9.57
14.39     7.4, -9.65
14.41     7.42, -9.73
14.43     7.44, -9.81
14.44     7.45, -9.9
14.46     7.47, -9.98
14.48     7.48, -10.06
14.49     7.49, -10.14
14.51     7.5, -10.23
14.53     7.5, -10.31
14.54     7.51, -10.39
14.56     7.51, -10.48
14.58     7.51, -10.56
14.59     7.5, -10.64
14.61     7.5, -10.73
14.63     7.49, -10.81
14.64     7.47, -10.89
14.66     7.45, -10.97
14.68     7.43, -11.05
14.69     7.4, -11.13
14.71     7.37, -11.21
14.73     7.34, -11.28
14.74     7.3, -11.36
14.76     7.26, -11.43
14.78     7.21, -11.5
14.79     7.16, -11.56
14.81     7.11, -11.63
14.83     7.05, -11.69
14.84     6.99, -11.75
14.86     6.93, -11.8
14.88     6.86, -11.85
14.89     6.79, -11.9
14.91     6.72, -11.95
14.93     6.65, -11.99
14.94     6.58, -12.02
14.96     6.5, -12.06
14.98     6.42, -12.09
14.99     6.34, -12.11
15.01     6.26, -12.13
15.03     6.18, -12.15
15.04     6.1, -12.16
15.06     6.01, -12.17
15.08     5.93, -12.17
15.09     5.85, -12.17
15.11     5.76, -12.16
15.13     5.68, -12.15
15.14     5.6, -12.14
15.16     5.52, -12.12
15.18     5.44, -12.1
15.19     5.36, -12.07
15.21     5.28, -12.04
15.23     5.21, -12.01
15.24     5.13, -11.97
15.26     5.06, -11.92
15.28     4.99, -11.88
15.29     4.92, -11.83
15.31     4.86, -11.78
15.33     4.8, -11.72
15.34     4.74, -11.66
15.36     4.69, -11.6
15.38     4.63, -11.53
15.39     4.59, -11.46
15.41     4.54, -11.39
15.43     4.5, -11.32
15.44     4.46, -11.24
15.46     4.43, -11.17
15.48     4.4, -11.09
15.49     4.37, -11.01
15.51     4.35, -10.93
15.53     4.33, -10.85
15.54     4.31, -10.77
15.56     4.3, -10.69
15.58     4.28, -10.6
15.59     4.27, -10.52
15.61     4.26, -10.44
15.63     4.26, -10.36
15.64     4.25, -10.27
15.66     4.25, -10.19
15.68     4.24, -10.11
15.69     4.24, -10.02
15.71     4.24, -9.94
15.73     4.23, -9.86
15.74     4.23, -9.77
15.76     4.23, -9.69
15.78     4.22, -9.61
15.79     4.22, -9.52
15.81     4.21, -9.44
15.83     4.2, -9.36
15.84     4.19, -9.27
15.86     4.18, -9.19
15.88     4.17, -9.11
15.89     4.15, -9.03
15.91     4.14, -8.95
15.93     4.12, -8.86
15.94     4.11, -8.78
15.96     4.09, -8.7
15.98     4.07, -8.62
15.99     4.06, -8.54
16.01     4.04, -8.46
16.03     4.02, -8.37
16.04     4.01, -8.29
16.06     3.99, -8.21
16.08     3.98, -8.13
16.09     3.96, -8.05
16.11     3.94, -7.96
16.13     3.93, -7.88
16.14     3.91, -7.8
16.16     3.89, -7.72
16.18     3.88, -7.64
16.19     3.86, -7.56
16.21     3.85, -7.47
16.23     3.83, -7.39
16.24     3.81, -7.31
16.26     3.8, -7.23
16.28     3.78, -7.15
16.29     3.76, -7.07
16.31     3.75, -6.98
16.33     3.73, -6.9
16.34     3.71, -6.82
16.36     3.69, -6.74
16.38     3.67, -6.66
16.39     3.65, -6.58
16.41     3.62, -6.5
16.43     3.6, -6.42
16.44     3.57, -6.34
16.46     3.54, -6.26
16.48     3.51, -6.19
16.49     3.47, -6.11
16.51     3.44, -6.04
16.53     3.4, -5.97
16.54     3.35, -5.89
16.56     3.3, -5.83
16.58     3.25, -5.76
16.59     3.2, -5.69
16.61     3.14, -5.63
16.63     3.08, -5.58
16.64     3.02, -5.52
16.66     2.96, -5.47
16.68     2.89, -5.42
16.69     2.82, -5.38
16.71     2.75, -5.34
16.73     2.67, -5.3
16.74     2.59, -5.27
16.76     2.52, -5.24
16.78     2.44, -5.21
16.79     2.36, -5.19
16.81     2.27, -5.18
16.83     2.19, -5.16
16.84     2.11, -5.16
16.86     2.03, -5.15
16.88     1.94, -5.15
16.89     1.86, -5.16
16.91     1.78, -5.17
16.93     1.69, -5.18
16.94     1.61, -5.19
16.96     1.53, -5.21
16.98     1.45, -5.23
16.99     1.37, -5.26
17.01     1.29, -5.28
17.03     1.21, -5.31
17.04     1.13, -5.34
17.06     1.06, -5.37
17.08     0.98, -5.4
17.09     0.9, -5.44
17.11     0.83, -5.47
17.13     0.75, -5.51
17.14     0.68, -5.54
17.16     0.6, -5.58
17.18     0.52, -5.61
17.19     0.45, -5.64
17.21     0.37, -5.67
17.23     0.29, -5.71
17.24     0.21, -5.73
17.26     0.14, -5.76
17.28     0.06, -5.79
17.29     -0.02, -5.81
17.31     -0.1, -5.83
17.33     -0.18, -5.85
17.34     -0.27, -5.87
17.36     -0.35, -5.88
17.38     -0.43, -5.89
17.39     -0.51, -5.9
17.41     -0.6, -5.9
17.43     -0.68, -5.9
17.44     -0.76, -5.89
17.46     -0.85, -5.88
17.48     -0.93, -5.87
17.49     -1.01, -5.85
17.51     -1.09, -5.83
17.53     -1.17, -5.8
17.54     -1.25, -5.77
17.56     -1.32, -5.73
17.58     -1.4, -5.69
17.59     -1.47, -5.65
17.61     -1.54, -5.6
17.63     -1.6, -5.55
17.64     -1.67, -5.5
17.66     -1.73, -5.44
17.68     -1.79, -5.39
17.69     -1.84, -5.32
17.71     -1.89, -5.26
17.73     -1.94, -5.19
17.74     -1.98, -5.12
17.76     -2.03, -5.05
17.78     -2.06, -4.97
17.79     -2.09, -4.89
17.81     -2.12, -4.82
17.83     -2.15, -4.74
17.84     -2.17, -4.66
17.86     -2.19, -4.57
17.88     -2.2, -4.49
17.89     -2.22, -4.41
17.91     -2.23, -4.33
17.93     -2.23, -4.24
17.94     -2.24, -4.16
17.96     -2.24, -4.08
17.98     -2.24, -3.99
17.99     -2.24, -3.91
18.01     -2.23, -3.83
18.03     -2.23, -3.75
18.04     -2.22, -3.66
18.06     -2.21, -3.58
18.08     -2.2, -3.5
18.09     -2.19, -3.41
18.11     -2.17, -3.33
18.13     -2.15, -3.25
18.14     -2.13, -3.17
18.16     -2.1, -3.09
18.18     -2.07, -3.01
18.19     -2.04, -2.94
18.21     -2, -2.86
18.23     -1.96, -2.79
18.24     -1.91, -2.72
18.26     -1.86, -2.65
18.28     -1.81, -2.59
18.29     -1.76, -2.53
18.31     -1.7, -2.47
18.33     -1.63, -2.41
18.34     -1.57, -2.36
18.36     -1.5, -2.31
18.38     -1.43, -2.26
18.39     -1.36, -2.22
18.41     -1.29, -2.18
18.43     -1.21, -2.15
18.44     -1.13, -2.12
18.46     -1.05, -2.09
18.48     -0.97, -2.07
18.49     -0.89, -2.05
18.51     -0.81, -2.04
18.53     -0.73, -2.03
18.54     -0.64, -2.02
18.56     -0.56, -2.02
18.58     -0.48, -2.02
18.59     -0.39, -2.03
18.61     -0.31, -2.03
18.63     -0.23, -2.04
18.64     -0.15, -2.05
18.66     -0.07, -2.07
18.68     0.02, -2.08
18.69     0.1, -2.1
18.71     0.18, -2.12
18.73     0.26, -2.14
18.74     0.34, -2.16
18.76     0.42, -2.18
18.78     0.5, -2.2
18.79     0.58, -2.23
18.81     0.66, -2.25
18.83     0.74, -2.27
18.84     0.82, -2.3
18.86     0.9, -2.32
18.88     0.98, -2.34
18.89     1.06, -2.37
18.91     1.14, -2.39
18.93     1.22, -2.41
18.94     1.3, -2.44
18.96     1.38, -2.46
18.98     1.46, -2.48
18.99     1.54, -2.51
19.01     1.62, -2.53
19.03     1.7, -2.55
19.04     1.78, -2.57
19.06     1.86, -2.59
19.08     1.95, -2.61
19.09     2.03, -2.63
19.11     2.11, -2.65
19.13     2.19, -2.66
19.14     2.27, -2.67
19.16     2.36, -2.68
19.18     2.44, -2.69
19.19     2.52, -2.69
19.21     2.6, -2.71
19.23     2.68, -2.71
19.24     2.77, -2.7
19.26     2.85, -2.69
19.28     2.93, -2.68
19.29     3.02, -2.67
19.31     3.1, -2.66
19.33     3.18, -2.65
19.34     3.26, -2.63
19.36     3.34, -2.61
19.38     3.43, -2.6
19.39     3.51, -2.58
19.41     3.59, -2.56
19.43     3.67, -2.54
19.44     3.75, -2.52
19.46     3.83, -2.5
19.48     3.91, -2.48
19.49     3.99, -2.47
19.51     4.07, -2.45
19.53     4.16, -2.43
19.54     4.24, -2.41
19.56     4.32, -2.39
19.58     4.4, -2.37
19.59     4.48, -2.35
19.61     4.56, -2.33
19.63     4.64, -2.32
19.64     4.72, -2.3
19.66     4.8, -2.28
19.68     4.89, -2.26
19.69     4.97, -2.24
19.71     5.05, -2.22
19.73     5.13, -2.2
19.74     5.21, -2.17
19.76     5.29, -2.15
19.78     5.37, -2.12
19.79     5.44, -2.09
19.81     5.52, -2.06
19.83     5.6, -2.03
19.84     5.68, -2
19.86     5.75, -1.96
19.88     5.82, -1.92
19.89     5.89, -1.88
19.91     5.96, -1.83
19.93     6.03, -1.78
19.94     6.1, -1.73
19.96     6.16, -1.68
19.98     6.22, -1.62
19.99     6.27, -1.56
20.01     6.33, -1.49
20.03     6.38, -1.42
20.04     6.42, -1.35
20.06     6.47, -1.28
20.08     6.5, -1.21
20.09     6.54, -1.13
20.11     6.57, -1.05
20.13     6.6, -0.97
20.14     6.62, -0.89
20.16     6.64, -0.81
20.18     6.65, -0.73
20.19     6.66, -0.65
20.21     6.66, -0.57
20.23     6.66, -0.48
20.24     6.66, -0.4
20.26     6.65, -0.32
20.28     6.64, -0.23
20.29     6.62, -0.15
20.31     6.6, -0.07
20.33     6.58, 0.01
20.34     6.55, 0.09
20.36     6.52, 0.16
20.38     6.48, 0.24
20.39     6.44, 0.31
20.41     6.39, 0.38
20.43     6.34, 0.45
20.44     6.29, 0.51
20.46     6.24, 0.58
20.48     6.18, 0.64
20.49     6.12, 0.69
20.51     6.05, 0.74
20.53     5.99, 0.79
20.54     5.92, 0.84
20.56     5.85, 0.88
20.58     5.77, 0.92
20.59     5.7, 0.96
20.61     5.62, 0.99
20.63     5.54, 1.01
20.64     5.46, 1.04
20.66     5.38, 1.05
20.68     5.3, 1.07
20.69     5.21, 1.08
20.71     5.13, 1.08
20.73     5.05, 1.08
20.74     4.96, 1.08
20.76     4.88, 1.07
20.78     4.8, 1.06
20.79     4.72, 1.04
20.81     4.63, 1.02
20.83     4.56, 1
20.84     4.48, 0.97
20.86     4.4, 0.93
20.88     4.33, 0.9
20.89     4.25, 0.86
20.91     4.18, 0.81
20.93     4.12, 0.76
20.94     4.05, 0.71
20.96     3.99, 0.66
20.98     3.93, 0.6
20.99     3.87, 0.54
21.01     3.82, 0.47
21.03     3.77, 0.4
21.04     3.72, 0.34
21.06     3.68, 0.26
21.08     3.64, 0.19
21.09     3.6, 0.12
21.11     3.57, 0.04
21.13     3.53, -0.04
21.14     3.5, -0.11
21.16     3.48, -0.19
21.18     3.45, -0.27
21.19     3.43, -0.35
21.21     3.41, -0.43
21.23     3.38, -0.51
21.24     3.37, -0.59
21.26     3.35, -0.68
21.28     3.33, -0.76
21.29     3.31, -0.84
21.31     3.3, -0.92
21.33     3.28, -1
21.34     3.26, -1.08
21.36     3.25, -1.16
21.38     3.23, -1.25
21.39     3.21, -1.33
21.41     3.2, -1.41
21.43     3.18, -1.49
21.44     3.16, -1.57
21.46     3.14, -1.65
21.48     3.12, -1.73
21.49     3.09, -1.81
21.51     3.07, -1.89
21.53     3.04, -1.97
21.54     3.01, -2.05
21.56     2.98, -2.12
21.58     2.94, -2.2
21.59     2.9, -2.27
21.61     2.86, -2.35
21.63     2.82, -2.42
21.64     2.77, -2.49
21.66     2.72, -2.55
21.68     2.67, -2.62
21.69     2.61, -2.68
21.71     2.55, -2.74
21.73     2.49, -2.79
21.74     2.42, -2.84
21.76     2.36, -2.89
21.78     2.29, -2.94
21.79     2.21, -2.98
21.81     2.14, -3.02
21.83     2.06, -3.05
21.84     1.99, -3.09
21.86     1.91, -3.12
21.88     1.83, -3.14
21.89     1.75, -3.17
21.91     1.67, -3.19
21.93     1.59, -3.22
21.94     1.51, -3.24
21.96     1.43, -3.25
21.98     1.35, -3.27
21.99     1.27, -3.29
22.01     1.19, -3.3
22.03     1.1, -3.32
22.04     1.02, -3.33
22.06     0.94, -3.35
22.08     0.86, -3.36
22.09     0.78, -3.37
22.11     0.69, -3.39
22.13     0.61, -3.4
22.14     0.53, -3.42
22.16     0.45, -3.43
22.18     0.36, -3.44
22.19     0.28, -3.46
22.21     0.2, -3.47
22.23     0.12, -3.49
22.24     0.04, -3.5
22.26     -0.05, -3.51
22.28     -0.13, -3.53
22.29     -0.21, -3.55
22.31     -0.29, -3.56
22.33     -0.37, -3.58
22.34     -0.45, -3.6
22.36     -0.53, -3.62
22.38     -0.61, -3.65
22.39     -0.69, -3.67
22.41     -0.77, -3.7
22.43     -0.85, -3.73
22.44     -0.93, -3.76
22.46     -1.01, -3.79
22.48     -1.08, -3.82
22.49     -1.16, -3.86
22.51     -1.23, -3.89
22.53     -1.31, -3.93
22.54     -1.39, -3.96
22.56     -1.46, -4
22.58     -1.54, -4.03
22.59     -1.61, -4.07
22.61     -1.69, -4.1
22.63     -1.76, -4.13
22.64     -1.84, -4.17
22.66     -1.91, -4.2
22.68     -1.99, -4.24
22.69     -2.06, -4.27
22.71     -2.14, -4.31
22.73     -2.22, -4.34
22.74     -2.29, -4.38
22.76     -2.37, -4.41
22.78     -2.44, -4.45
22.79     -2.52, -4.48
22.81     -2.59, -4.52
22.83     -2.67, -4.55
22.84     -2.75, -4.59
22.86     -2.82, -4.62
22.88     -2.9, -4.66
22.89     -2.97, -4.69
22.91     -3.05, -4.73
22.93     -3.13, -4.76
22.94     -3.2, -4.8
22.96     -3.28, -4.83
22.98     -3.35, -4.87
22.99     -3.43, -4.9
23.01     -3.5, -4.94
23.03     -3.58, -4.97
23.04     -3.66, -5.01
23.06     -3.73, -5.04
23.08     -3.81, -5.08
23.09     -3.88, -5.11
23.11     -3.96, -5.14
23.13     -4.04, -5.18
23.14     -4.11, -5.21
23.16     -4.19, -5.25
23.18     -4.26, -5.28
23.19     -4.34, -5.32
23.21     -4.41, -5.35
23.23     -4.49, -5.39
23.24     -4.57, -5.42
23.26     -4.64, -5.46
23.28     -4.72, -5.49
23.29     -4.79, -5.53
23.31     -4.87, -5.56
23.33     -4.94, -5.6
23.34     -5.02, -5.63
23.36     -5.1, -5.67
23.38     -5.17, -5.7
23.39     -5.25, -5.73
23.41     -5.32, -5.77
23.43     -5.4, -5.8
23.44     -5.48, -5.83
23.46     -5.56, -5.86
23.48     -5.63, -5.89
23.49     -5.71, -5.91
23.51     -5.79, -5.94
23.53     -5.87, -5.96
23.54     -5.96, -5.98
23.56     -6.04, -5.99
23.58     -6.12, -6
23.59     -6.2, -6.01
23.61     -6.29, -6.02
23.63     -6.37, -6.02
23.64     -6.45, -6.02
23.66     -6.54, -6.02
23.68     -6.62, -6.01
23.69     -6.7, -5.99
23.71     -6.78, -5.97
23.73     -6.86, -5.95
23.74     -6.94, -5.92
23.76     -7.02, -5.89
23.78     -7.09, -5.86
23.79     -7.17, -5.82
23.81     -7.24, -5.78
23.83     -7.31, -5.73
23.84     -7.38, -5.68
23.86     -7.44, -5.63
23.88     -7.5, -5.57
23.89     -7.56, -5.51
23.91     -7.61, -5.45
23.93     -7.67, -5.38
23.94     -7.71, -5.31
23.96     -7.76, -5.24
23.98     -7.8, -5.17
23.99     -7.84, -5.1
24.01     -7.87, -5.02
24.03     -7.9, -4.94
24.04     -7.92, -4.86
24.06     -7.94, -4.78
24.08     -7.96, -4.7
24.09     -7.98, -4.62
24.11     -7.99, -4.54
24.13     -8, -4.45
24.14     -8.01, -4.37
24.16     -8.01, -4.29
24.18     -8.01, -4.2
24.19     -8.01, -4.12
24.21     -8.01, -4.04
24.23     -8.01, -3.95
24.24     -8, -3.87
24.26     -8, -3.79
24.28     -7.99, -3.71
24.29     -7.98, -3.62
24.31     -7.97, -3.54
24.33     -7.96, -3.46
24.34     -7.95, -3.37
24.36     -7.93, -3.29
24.38     -7.91, -3.21
24.39     -7.89, -3.13
24.41     -7.86, -3.05
24.43     -7.84, -2.97
24.44     -7.8, -2.9
24.46     -7.77, -2.82
24.48     -7.73, -2.75
24.49     -7.69, -2.67
24.51     -7.65, -2.6
24.53     -7.6, -2.54
24.54     -7.54, -2.47
24.56     -7.49, -2.41
24.58     -7.43, -2.35
24.59     -7.37, -2.3
24.61     -7.3, -2.24
24.63     -7.23, -2.19
24.64     -7.16, -2.15
24.66     -7.09, -2.11
24.68     -7.02, -2.07
24.69     -6.94, -2.04
24.71     -6.86, -2.01
24.73     -6.78, -1.98
24.74     -6.7, -1.96
24.76     -6.62, -1.94
24.78     -6.54, -1.93
24.79     -6.46, -1.92
24.81     -6.37, -1.91
24.83     -6.29, -1.91
24.84     -6.21, -1.92
24.86     -6.12, -1.93
24.88     -6.04, -1.94
24.89     -5.96, -1.95
24.91     -5.88, -1.97
24.93     -5.8, -1.99
24.94     -5.72, -2.01
24.96     -5.64, -2.03
24.98     -5.56, -2.06
24.99     -5.48, -2.09
25.01     -5.4, -2.12
25.03     -5.33, -2.15
25.04     -5.25, -2.18
25.06     -5.17, -2.22
25.08     -5.1, -2.25
25.09     -5.02, -2.29
25.11     -4.95, -2.32
25.13     -4.87, -2.36
25.14     -4.79, -2.39
25.16     -4.72, -2.43
25.18     -4.64, -2.47
25.19     -4.57, -2.5
25.21     -4.49, -2.54
25.23     -4.42, -2.57
25.24     -4.34, -2.61
25.26     -4.27, -2.64
25.28     -4.19, -2.68
25.29     -4.12, -2.72
25.31     -4.04, -2.75
25.33     -3.97, -2.79
25.34     -3.89, -2.82
25.36     -3.81, -2.85
25.38     -3.74, -2.89
25.39     -3.66, -2.92
25.41     -3.58, -2.95
25.43     -3.5, -2.98
25.44     -3.43, -3
25.46     -3.35, -3.03
25.48     -3.27, -3.05
25.49     -3.18, -3.07
25.51     -3.1, -3.09
25.53     -3.02, -3.11
25.54     -2.94, -3.12
25.56     -2.86, -3.13
25.58     -2.78, -3.15
25.59     -2.69, -3.16
25.61     -2.61, -3.17
25.63     -2.53, -3.18
25.64     -2.45, -3.19
25.66     -2.36, -3.2
25.68     -2.28, -3.21
25.69     -2.2, -3.22
25.71     -2.12, -3.23
25.73     -2.03, -3.24
25.74     -1.95, -3.25
25.76     -1.87, -3.26
25.78     -1.78, -3.27
25.79     -1.7, -3.29
25.81     -1.62, -3.3
25.83     -1.54, -3.31
25.84     -1.45, -3.32
25.86     -1.37, -3.33
25.88     -1.29, -3.34
25.89     -1.21, -3.35
25.91     -1.12, -3.36
25.93     -1.04, -3.37
25.94     -0.96, -3.38
25.96     -0.87, -3.39
25.98     -0.79, -3.4
25.99     -0.71, -3.4
26.01     -0.62, -3.41
26.03     -0.54, -3.41
26.04     -0.46, -3.42
26.06     -0.37, -3.42
26.08     -0.29, -3.42
26.09     -0.21, -3.41
26.11     -0.13, -3.41
26.13     -0.04, -3.4
26.14     0.04, -3.38
26.16     0.12, -3.37
26.18     0.2, -3.35
26.19     0.28, -3.33
26.21     0.36, -3.3
26.23     0.44, -3.27
26.24     0.52, -3.24
26.26     0.6, -3.21
26.28     0.67, -3.18
26.29     0.75, -3.14
26.31     0.82, -3.1
26.33     0.89, -3.06
26.34     0.97, -3.02
26.36     1.04, -2.98
26.38     1.11, -2.94
26.39     1.18, -2.9
26.41     1.25, -2.85
26.43     1.33, -2.81
26.44     1.4, -2.77
26.46     1.47, -2.72
26.48     1.54, -2.68
26.49     1.61, -2.64
26.51     1.68, -2.6
26.53     1.75, -2.55
26.54     1.82, -2.51
26.56     1.84, -2.5
26.58     1.91, -2.46
26.59     1.98, -2.41
26.61     2.05, -2.37
26.63     2.12, -2.33
26.64     2.19, -2.28
26.66     2.26, -2.24
26.68     2.34, -2.2
26.69     2.41, -2.16
26.71     2.48, -2.11
26.73     2.55, -2.07
26.74     2.62, -2.03
26.76     2.69, -1.98
26.78     2.76, -1.94
26.79     2.83, -1.9
26.81     2.91, -1.85
26.83     2.98, -1.81
26.84     3.05, -1.77
26.86     3.12, -1.72
26.88     3.19, -1.68
26.89     3.26, -1.63
26.91     3.33, -1.58
26.93     3.4, -1.54
26.94     3.46, -1.49
26.96     3.53, -1.43
26.98     3.59, -1.38
26.99     3.66, -1.33
27.01     3.72, -1.27
27.03     3.78, -1.22
27.04     3.84, -1.16
27.06     3.9, -1.11
27.08     3.96, -1.05
27.09     4.03, -0.99
27.11     4.09, -0.93
27.13     4.15, -0.88
27.14     4.21, -0.82
27.16     4.27, -0.76
27.18     4.33, -0.71
27.19     4.39, -0.65
27.21     4.45, -0.59
27.23     4.51, -0.53
27.24     4.57, -0.48
27.26     4.63, -0.42
27.28     4.69, -0.36
27.29     4.75, -0.3
27.31     4.81, -0.25
27.33     4.87, -0.19
27.34     4.93, -0.13
27.36     5, -0.08
27.38     5.06, -0.02
27.39     5.12, 0.04
27.41     5.18, 0.1
27.43     5.24, 0.15
27.44     5.3, 0.21
27.46     5.36, 0.27
27.48     5.42, 0.32
27.49     5.48, 0.38
27.51     5.54, 0.44
27.53     5.6, 0.5
27.54     5.66, 0.55
27.56     5.72, 0.61
27.58     5.78, 0.67
27.59     5.84, 0.72
27.61     5.9, 0.78
27.63     5.97, 0.84
27.64     6.03, 0.9
27.66     6.09, 0.95
27.68     6.15, 1.01
27.69     6.21, 1.07
27.71     6.27, 1.12
27.73     6.33, 1.18
27.74     6.39, 1.24
27.76     6.45, 1.3
27.78     6.51, 1.35
27.79     6.57, 1.41
27.81     6.63, 1.47
27.83     6.69, 1.52
27.84     6.75, 1.58
27.86     6.82, 1.64
27.88     6.88, 1.69
27.89     6.94, 1.74
27.91     7.01, 1.8
27.93     7.07, 1.85
27.94     7.14, 1.9
27.96     7.2, 1.95
27.98     7.27, 2
27.99     7.34, 2.05
28.01     7.41, 2.09
28.03     7.48, 2.13
28.04     7.56, 2.17
28.06     7.63, 2.21
28.08     7.71, 2.25
28.09     7.78, 2.28
28.11     7.86, 2.31
28.13     7.94, 2.33
28.14     8.02, 2.36
28.16     8.1, 2.38
28.18     8.18, 2.4
28.19     8.26, 2.41
28.21     8.35, 2.43
28.23     8.43, 2.44
28.24     8.51, 2.44
28.26     8.6, 2.44
28.28     8.68, 2.44
28.29     8.76, 2.43
28.31     8.84, 2.42
28.33     8.93, 2.41
28.34     9.01, 2.39
28.36     9.09, 2.36
28.38     9.16, 2.33
28.39     9.24, 2.3
28.41     9.32, 2.27
28.43     9.39, 2.23
28.44     9.46, 2.18
28.46     9.53, 2.13
28.48     9.6, 2.08
28.49     9.66, 2.03
28.51     9.72, 1.97
28.53     9.78, 1.91
28.54     9.83, 1.85
28.56     9.88, 1.78
28.58     9.93, 1.71
28.59     9.97, 1.64
28.61     10.01, 1.57
28.63     10.04, 1.49
28.64     10.08, 1.41
28.66     10.1, 1.34
28.68     10.13, 1.26
28.69     10.15, 1.18
28.71     10.16, 1.09
28.73     10.17, 1.01
28.74     10.18, 0.93
28.76     10.18, 0.84
28.78     10.18, 0.76
28.79     10.17, 0.68
28.81     10.16, 0.59
28.83     10.14, 0.51
28.84     10.12, 0.43
28.86     10.1, 0.35
28.88     10.07, 0.27
28.89     10.04, 0.2
28.91     10, 0.12
28.93     9.96, 0.05
28.94     9.92, -0.02
28.96     9.87, -0.09
28.98     9.82, -0.16
28.99     9.77, -0.22
29.01     9.71, -0.28
29.03     9.65, -0.34
29.04     9.58, -0.39
29.06     9.52, -0.44
29.08     9.45, -0.49
29.09     9.38, -0.53
29.11     9.3, -0.57
29.13     9.23, -0.61
29.14     9.15, -0.64
29.16     9.08, -0.67
29.18     9, -0.7
29.19     8.92, -0.73
29.21     8.84, -0.75
29.23     8.76, -0.77
29.24     8.68, -0.79
29.26     8.59, -0.8
29.28     8.51, -0.82
29.29     8.43, -0.83
29.31     8.35, -0.84
29.33     8.26, -0.85
29.34     8.18, -0.86
29.36     8.1, -0.87
29.38     8.02, -0.88
29.39     7.93, -0.89
29.41     7.85, -0.9
29.43     7.77, -0.91
29.44     7.68, -0.92
29.46     7.6, -0.93
29.48     7.52, -0.94
29.49     7.44, -0.95
29.51     7.35, -0.96
29.53     7.27, -0.98
29.54     7.19, -0.99
29.56     7.11, -1.01
29.58     7.03, -1.03
29.59     6.95, -1.05
29.61     6.87, -1.08
29.63     6.79, -1.11
29.64     6.71, -1.14
29.66     6.64, -1.17
29.68     6.56, -1.21
29.69     6.49, -1.25
29.71     6.42, -1.29
29.73     6.35, -1.34
29.74     6.28, -1.39
29.76     6.22, -1.44
29.78     6.16, -1.5
29.79     6.1, -1.56
29.81     6.05, -1.62
29.83     6, -1.69
29.84     5.95, -1.76
29.86     5.91, -1.83
29.88     5.87, -1.9
29.89     5.83, -1.98
29.91     5.8, -2.05
29.93     5.77, -2.13
29.94     5.75, -2.21
29.96     5.72, -2.29
29.98     5.71, -2.38
29.99     5.69, -2.46
30.01     5.69, -2.54
30.03     5.68, -2.62
30.04     5.67, -2.71
30.06     5.67, -2.79
30.08     5.67, -2.87
30.09     5.68, -2.96
30.11     5.68, -3.04
30.13     5.69, -3.12
30.14     5.7, -3.21
30.16     5.71, -3.29
30.18     5.71, -3.29
30.19     5.71, -3.29
30.21     5.71, -3.29
30.23     5.71, -3.29
30.24     5.71, -3.29
30.26     5.71, -3.29
30.28     5.71, -3.29
30.29     5.71, -3.29
30.31     5.71, -3.29
30.33     5.71, -3.29
30.34     5.71, -3.29
30.36     5.71, -3.29
30.38     5.71, -3.29
30.39     5.71, -3.29
30.41     5.71, -3.29
30.43     5.71, -3.29
30.44     5.71, -3.29
30.46     5.71, -3.29
30.48     5.71, -3.29
30.49     5.71, -3.29
30.51     5.71, -3.29
30.53     5.71, -3.29
30.54     5.71, -3.29
30.56     5.71, -3.29
30.58     5.71, -3.29
30.59     5.71, -3.29
30.61     5.71, -3.29
30.63     5.71, -3.29
30.64     5.71, -3.29
30.66     5.71, -3.29
30.68     5.71, -3.29
30.69     5.71, -3.29
30.71     5.71, -3.29
30.73     5.71, -3.29
30.74     5.71, -3.29
30.76     5.71, -3.29
30.78     5.71, -3.29
30.79     5.71, -3.29
30.81     5.71, -3.29
30.83     5.71, -3.29
30.84     5.71, -3.29
30.86     5.71, -3.29
30.88     5.71, -3.29
30.89     5.71, -3.29
30.91     5.71, -3.29
30.93     5.71, -3.29
30.94     5.71, -3.29
30.96     5.71, -3.29
30.98     5.71, -3.29
30.99     5.71, -3.29
31.01     5.71, -3.29
31.03     5.71, -3.29
31.04     5.71, -3.29
31.06     5.71, -3.29
31.08     5.71, -3.29
31.09     5.71, -3.29
31.11     5.71, -3.29
31.13     5.71, -3.29
31.14     5.71, -3.29
31.16     5.71, -3.29
31.18     5.71, -3.29
31.19     5.71, -3.29
31.21     5.71, -3.29
31.23     5.71, -3.29
31.24     5.71, -3.29
31.26     5.71, -3.29
31.28     5.71, -3.29
31.29     5.71, -3.29
31.31     5.71, -3.29
31.33     5.71, -3.29
31.34     5.71, -3.29
31.36     5.71, -3.29
31.38     5.71, -3.29
31.39     5.71, -3.29
31.41     5.71, -3.29
31.43     5.71, -3.29
31.44     5.71, -3.29
31.46     5.71, -3.29
31.48     5.71, -3.29
31.49     5.71, -3.29
31.51     5.71, -3.29
31.53     5.71, -3.29
31.54     5.71, -3.29
31.56     5.71, -3.29
31.58     5.71, -3.29
31.59     5.71, -3.29
31.61     5.71, -3.29
31.63     5.71, -3.29
31.64     5.71, -3.29
31.66     5.71, -3.29
31.68     5.71, -3.29
31.69     5.71, -3.29
31.71     5.71, -3.29
31.73     5.71, -3.29
31.74     5.71, -3.29
31.76     5.71, -3.29
31.78     5.71, -3.29
31.79     5.71, -3.29
31.81     5.71, -3.29
31.83     5.71, -3.29
31.84     5.71, -3.29
31.86     5.71, -3.29
31.88     5.71, -3.29
31.89     5.71, -3.29
31.91     5.71, -3.29
31.93     5.71, -3.29
31.94     5.71, -3.29
31.96     5.71, -3.29
31.98     5.71, -3.29
31.99     5.71, -3.29
32.01     5.71, -3.29
32.03     5.71, -3.29
32.04     5.71, -3.29
32.06     5.71, -3.29
32.08     5.71, -3.29
32.09     5.71, -3.29
32.11     5.71, -3.29
32.13     5.71, -3.29
32.14     5.71, -3.29
32.16     5.71, -3.29
32.18     5.71, -3.29
32.19     5.71, -3.29
32.21     5.71, -3.29
32.23     5.71, -3.29
32.24     5.71, -3.29
32.26     5.71, -3.29
32.28     5.71, -3.29
32.29     5.71, -3.29
32.31     5.71, -3.29
32.33     5.71, -3.29
32.34     5.71, -3.29
32.36     5.71, -3.29
32.38     5.71, -3.29
32.39     5.71, -3.29
32.41     5.71, -3.29
32.43     5.71, -3.29
32.44     5.71, -3.29
32.46     5.71, -3.29
32.48     5.71, -3.29
32.49     5.71, -3.29
32.51     5.71, -3.29
32.53     5.71, -3.29
32.54     5.71, -3.29
32.56     5.71, -3.29
32.58     5.71, -3.29
32.59     5.71, -3.29
32.61     5.71, -3.29
32.63     5.71, -3.29
32.64     5.71, -3.29
32.66     5.71, -3.29
32.68     5.71, -3.29
32.69     5.71, -3.29
32.71     5.71, -3.29
32.73     5.71, -3.29
32.74     5.71, -3.29
32.76     5.71, -3.29
32.78     5.71, -3.29
32.79     5.71, -3.29
32.81     5.71, -3.29
32.83     5.71, -3.29
32.84     5.71, -3.29
32.86     5.71, -3.29
32.88     5.71, -3.29
32.89     5.71, -3.29
32.91     5.71, -3.29
32.93     5.71, -3.29
32.94     5.71, -3.29
32.96     5.71, -3.29
32.98     5.71, -3.29
32.99     5.71, -3.29
33.01     5.71, -3.29
33.03     5.71, -3.29
33.04     5.71, -3.29
33.06     5.71, -3.29
33.08     5.71, -3.29
33.09     5.71, -3.29
33.11     5.71, -3.29
33.13     5.71, -3.29
33.14     5.71, -3.29
33.16     5.71, -3.29
33.18     5.71, -3.29
33.19     5.71, -3.29
